  97  76  67  74  96 122 143 152 155 148 132 115 105 106 118 137 160 189 215 225 214 186 154 125 102  91  97 113 130 139 132 111  85  53  25  15  27  57  91 120 147 176 196 198 181 152 124 104  87  74  71  80 100 124 141 150 159 174 191 200 194 175 148 122  97  76  67  74  96 122 143 152 155 148 132 115 105 106 118 137 160 189 215 225 214 186 154 125 102  91  97 113 130 139 132 111  85  53  25  15  27  57  91 120 147 176 196 198 181 152 124 104  87  74  71  80 100 124 141 150 159 174 191 200 194 175 148 122
 101  88  88 103 129 157 176 183 184 173 152 129 114 110 120 138 159 187 213 224 214 187 155 127 103  89  88  98 110 115 108  89  66  37  13   5  19  48  81 109 136 164 184 185 167 137 108  87  70  62  68  89 119 150 169 176 181 190 198 198 187 167 143 121 101  88  88 103 129 157 176 183 184 173 152 129 114 110 120 138 159 187 213 224 214 187 155 127 103  89  88  98 110 115 108  89  66  37  13   5  19  48  81 109 136 164 184 185 167 137 108  87  70  62  68  89 119 150 169 176 181 190 198 198 187 167 143 121
 112 110 120 142 169 192 205 208 204 188 161 132 111 103 110 125 144 172 199 213 208 186 157 129 104  85  76  77  82  85  80  66  48  25   5   0  12  38  69  96 122 151 172 176 160 131 101  78  61  56  70 101 139 173 192 194 192 191 187 178 165 150 135 122 112 110 120 142 169 192 205 208 204 188 161 132 111 103 110 125 144 172 199 213 208 186 157 129 104  85  76  77  82  85  80  66  48  25   5   0  12  38  69  96 122 151 172 176 160 131 101  78  61  56  70 101 139 173 192 194 192 191 187 178 165 150 135 122
 126 137 157 181 203 216 220 216 207 187 155 123  99  90  94 106 123 149 179 198 200 184 157 130 104  81  64  57  57  60  59  52  41  24   9   4  13  35  61  86 111 141 166 174 162 135 105  81  63  60  78 113 154 186 200 196 186 173 157 142 132 126 124 124 126 137 157 181 203 216 220 216 207 187 155 123  99  90  94 106 123 149 179 198 200 184 157 130 104  81  64  57  57  60  59  52  41  24   9   4  13  35  61  86 111 141 166 174 162 135 105  81  63  60  78 113 154 186 200 196 186 173 157 142 132 126 124 124
 140 162 188 210 222 222 214 204 190 166 135 105  85  77  81  91 105 131 161 185 191 180 157 130 103  76  55  44  43  49  54  54  49  39  27  20  25  40  62  85 109 140 168 181 174 149 120  94  74  70  88 122 159 186 193 182 164 140 116  99  94 101 114 126 140 162 188 210 222 222 214 204 190 166 135 105  85  77  81  91 105 131 161 185 191 180 157 130 103  76  55  44  43  49  54  54  49  39  27  20  25  40  62  85 109 140 168 181 174 149 120  94  74  70  88 122 159 186 193 182 164 140 116  99  94 101 114 126
 150 178 206 222 223 210 192 176 160 136 109  87  75  74  80  88 100 124 154 178 186 177 155 129 101  74  51  41  44  56  66  71  72  66  54  45  45  54  72  93 117 148 178 194 189 167 137 110  88  82  97 125 156 175 176 158 135 104  75  59  61  80 104 127 150 178 206 222 223 210 192 176 160 136 109  87  75  74  80  88 100 124 154 178 186 177 155 129 101  74  51  41  44  56  66  71  72  66  54  45  45  54  72  93 117 148 178 194 189 167 137 110  88  82  97 125 156 175 176 158 135 104  75  59  61  80 104 127
 153 184 210 221 212 190 166 147 129 108  89  77  75  83  93 101 111 132 159 180 186 175 153 126  99  73  53  48  57  74  89  97 101  96  84  72  67  73  87 107 131 162 192 208 203 179 149 121  98  90 101 124 148 162 157 137 110  77  47  33  41  67  98 126 153 184 210 221 212 190 166 147 129 108  89  77  75  83  93 101 111 132 159 180 186 175 153 126  99  73  53  48  57  74  89  97 101  96  84  72  67  73  87 107 131 162 192 208 203 179 149 121  98  90 101 124 148 162 157 137 110  77  47  33  41  67  98 126
 152 182 204 210 197 171 144 124 107  89  78  77  86 101 115 124 134 152 175 190 191 175 151 124  97  73  58  59  74  97 115 124 128 122 109  95  88  91 104 124 147 177 205 218 210 184 152 124 101  92 100 120 141 151 145 124  97  64  35  23  33  62  95 124 152 182 204 210 197 171 144 124 107  89  78  77  86 101 115 124 134 152 175 190 191 175 151 124  97  73  58  59  74  97 115 124 128 122 109  95  88  91 104 124 147 177 205 218 210 184 152 124 101  92 100 120 141 151 145 124  97  64  35  23  33  62  95 124
 147 176 196 198 181 152 124 104  87  74  71  80 100 124 141 150 159 174 191 200 194 175 148 122  97  76  67  74  96 122 143 152 155 148 132 115 105 106 118 137 160 189 215 225 214 186 154 125 102  91  97 113 130 139 132 111  85  53  25  15  27  57  91 120 147 176 196 198 181 152 124 104  87  74  71  80 100 124 141 150 159 174 191 200 194 175 148 122  97  76  67  74  96 122 143 152 155 148 132 115 105 106 118 137 160 189 215 225 214 186 154 125 102  91  97 113 130 139 132 111  85  53  25  15  27  57  91 120
 136 164 184 185 167 137 108  87  70  62  68  89 119 150 169 176 181 190 198 198 187 167 143 121 101  88  88 103 129 157 176 183 184 173 152 129 114 110 120 138 159 187 213 224 214 187 155 127 103  89  88  98 110 115 108  89  66  37  13   5  19  48  81 109 136 164 184 185 167 137 108  87  70  62  68  89 119 150 169 176 181 190 198 198 187 167 143 121 101  88  88 103 129 157 176 183 184 173 152 129 114 110 120 138 159 187 213 224 214 187 155 127 103  89  88  98 110 115 108  89  66  37  13   5  19  48  81 109
 122 151 172 176 160 131 101  78  61  56  70 101 139 173 192 194 192 191 187 178 165 150 135 122 112 110 120 142 169 192 205 208 204 188 161 132 111 103 110 125 144 172 199 213 208 186 157 129 104  85  76  77  82  85  80  66  48  25   5   0  12  38  69  96 122 151 172 176 160 131 101  78  61  56  70 101 139 173 192 194 192 191 187 178 165 150 135 122 112 110 120 142 169 192 205 208 204 188 161 132 111 103 110 125 144 172 199 213 208 186 157 129 104  85  76  77  82  85  80  66  48  25   5   0  12  38  69  96
 111 141 166 174 162 135 105  81  63  60  78 113 154 186 200 196 186 173 157 142 132 126 124 124 126 137 157 181 203 216 220 216 207 187 155 123  99  90  94 106 123 149 179 198 200 184 157 130 104  81  64  57  57  60  59  52  41  24   9   4  13  35  61  86 111 141 166 174 162 135 105  81  63  60  78 113 154 186 200 196 186 173 157 142 132 126 124 124 126 137 157 181 203 216 220 216 207 187 155 123  99  90  94 106 123 149 179 198 200 184 157 130 104  81  64  57  57  60  59  52  41  24   9   4  13  35  61  86
 109 140 168 181 174 149 120  94  74  70  88 122 159 186 193 182 164 140 116  99  94 101 114 126 140 162 188 210 222 222 214 204 190 166 135 105  85  77  81  91 105 131 161 185 191 180 157 130 103  76  55  44  43  49  54  54  49  39  27  20  25  40  62  85 109 140 168 181 174 149 120  94  74  70  88 122 159 186 193 182 164 140 116  99  94 101 114 126 140 162 188 210 222 222 214 204 190 166 135 105  85  77  81  91 105 131 161 185 191 180 157 130 103  76  55  44  43  49  54  54  49  39  27  20  25  40  62  85
 117 148 178 194 189 167 137 110  88  82  97 125 156 175 176 158 135 104  75  59  61  80 104 127 150 178 206 222 223 210 192 176 160 136 109  87  75  74  80  88 100 124 154 178 186 177 155 129 101  74  51  41  44  56  66  71  72  66  54  45  45  54  72  93 117 148 178 194 189 167 137 110  88  82  97 125 156 175 176 158 135 104  75  59  61  80 104 127 150 178 206 222 223 210 192 176 160 136 109  87  75  74  80  88 100 124 154 178 186 177 155 129 101  74  51  41  44  56  66  71  72  66  54  45  45  54  72  93
 131 162 192 208 203 179 149 121  98  90 101 124 148 162 157 137 110  77  47  33  41  67  98 126 153 184 210 221 212 190 166 147 129 108  89  77  75  83  93 101 111 132 159 180 186 175 153 126  99  73  53  48  57  74  89  97 101  96  84  72  67  73  87 107 131 162 192 208 203 179 149 121  98  90 101 124 148 162 157 137 110  77  47  33  41  67  98 126 153 184 210 221 212 190 166 147 129 108  89  77  75  83  93 101 111 132 159 180 186 175 153 126  99  73  53  48  57  74  89  97 101  96  84  72  67  73  87 107
 147 177 205 218 210 184 152 124 101  92 100 120 141 151 145 124  97  64  35  23  33  62  95 124 152 182 204 210 197 171 144 124 107  89  78  77  86 101 115 124 134 152 175 190 191 175 151 124  97  73  58  59  74  97 115 124 128 122 109  95  88  91 104 124 147 177 205 218 210 184 152 124 101  92 100 120 141 151 145 124  97  64  35  23  33  62  95 124 152 182 204 210 197 171 144 124 107  89  78  77  86 101 115 124 134 152 175 190 191 175 151 124  97  73  58  59  74  97 115 124 128 122 109  95  88  91 104 124
 162 191 216 226 215 187 154 126 103  92  98 114 132 141 134 114  88  57  30  21  33  62  96 124 151 178 196 197 179 149 121 101  85  73  70  80 100 123 141 149 158 173 190 198 192 172 145 119  93  72  62  69  90 117 138 147 151 146 132 117 108 109 121 140 162 191 216 226 215 187 154 126 103  92  98 114 132 141 134 114  88  57  30  21  33  62  96 124 151 178 196 197 179 149 121 101  85  73  70  80 100 123 141 149 158 173 190 198 192 172 145 119  93  72  62  69  90 117 138 147 151 146 132 117 108 109 121 140
 171 195 218 226 216 191 160 132 108  94  94 105 119 127 123 107  86  62  42  38  51  79 108 132 154 174 183 175 150 117  89  72  59  54  63  86 117 146 165 171 176 184 192 190 177 154 128 104  81  64  59  71  96 126 149 160 165 163 153 140 131 130 139 153 171 195 218 226 216 191 160 132 108  94  94 105 119 127 123 107  86  62  42  38  51  79 108 132 154 174 183 175 150 117  89  72  59  54  63  86 117 146 165 171 176 184 192 190 177 154 128 104  81  64  59  71  96 126 149 160 165 163 153 140 131 130 139 153
 169 187 206 217 212 193 167 140 115  97  89  92 102 111 113 105  94  82  74  76  89 110 131 147 160 169 164 145 115  83  58  45  37  42  63  98 135 166 182 183 181 179 174 163 146 124 102  84  67  54  52  65  91 121 144 157 166 171 169 163 156 151 152 159 169 187 206 217 212 193 167 140 115  97  89  92 102 111 113 105  94  82  74  76  89 110 131 147 160 169 164 145 115  83  58  45  37  42  63  98 135 166 182 183 181 179 174 163 146 124 102  84  67  54  52  65  91 121 144 157 166 171 169 163 156 151 152 159
 155 165 181 196 200 191 171 146 121  96  79  74  82  94 105 108 109 112 118 127 137 147 154 160 163 158 142 116  85  57  40  32  31  44  75 115 153 179 186 180 169 157 142 124 107  92  79  68  58  49  48  58  79 104 127 142 156 169 179 181 176 167 159 155 155 165 181 196 200 191 171 146 121  96  79  74  82  94 105 108 109 112 118 127 137 147 154 160 163 158 142 116  85  57  40  32  31  44  75 115 153 179 186 180 169 157 142 124 107  92  79  68  58  49  48  58  79 104 127 142 156 169 179 181 176 167 159 155
 134 136 151 169 183 184 171 148 121  92  67  57  63  81 100 115 129 145 163 175 179 176 170 165 158 143 119  92  67  50  42  40  45  64  99 137 168 182 179 164 146 125 103  86  75  70  67  65  61  56  52  55  67  86 106 123 141 164 184 194 191 177 160 145 134 136 151 169 183 184 171 148 121  92  67  57  63  81 100 115 129 145 163 175 179 176 170 165 158 143 119  92  67  50  42  40  45  64  99 137 168 182 179 164 146 125 103  86  75  70  67  65  61  56  52  55  67  86 106 123 141 164 184 194 191 177 160 145
 114 110 122 144 164 173 165 143 116  84  55  41  48  71  99 122 145 171 195 207 205 190 173 159 145 124 100  79  65  60  61  65  74  96 128 159 178 180 166 144 120  94  72  59  58  64  72  76  77  73  65  61  63  74  91 110 132 160 188 203 200 181 156 133 114 110 122 144 164 173 165 143 116  84  55  41  48  71  99 122 145 171 195 207 205 190 173 159 145 124 100  79  65  60  61  65  74  96 128 159 178 180 166 144 120  94  72  59  58  64  72  76  77  73  65  61  63  74  91 110 132 160 188 203 200 181 156 133
 103  95 105 127 149 161 155 134 107  74  44  30  39  65  97 125 152 183 208 218 209 187 162 144 126 106  87  75  73  80  89  97 106 127 155 177 185 176 155 129 103  76  57  51  59  76  90  98 102  97  86  75  71  76  91 111 134 164 194 210 205 182 152 125 103  95 105 127 149 161 155 134 107  74  44  30  39  65  97 125 152 183 208 218 209 187 162 144 126 106  87  75  73  80  89  97 106 127 155 177 185 176 155 129 103  76  57  51  59  76  90  98 102  97  86  75  71  76  91 111 134 164 194 210 205 182 152 125
 101  92 100 120 141 151 145 124  97  64  35  23  33  62  95 124 152 182 204 210 197 171 144 124 107  89  78  77  86 101 115 124 134 152 175 190 191 175 151 124  97  73  58  59  74  97 115 124 128 122 109  95  88  91 104 124 147 177 205 218 210 184 152 124 101  92 100 120 141 151 145 124  97  64  35  23  33  62  95 124 152 182 204 210 197 171 144 124 107  89  78  77  86 101 115 124 134 152 175 190 191 175 151 124  97  73  58  59  74  97 115 124 128 122 109  95  88  91 104 124 147 177 205 218 210 184 152 124
 103  92  98 114 132 141 134 114  88  57  30  21  33  62  96 124 151 178 196 197 179 149 121 101  85  73  70  80 100 123 141 149 158 173 190 198 192 172 145 119  93  72  62  69  90 117 138 147 151 146 132 117 108 109 121 140 162 191 216 226 215 187 154 126 103  92  98 114 132 141 134 114  88  57  30  21  33  62  96 124 151 178 196 197 179 149 121 101  85  73  70  80 100 123 141 149 158 173 190 198 192 172 145 119  93  72  62  69  90 117 138 147 151 146 132 117 108 109 121 140 162 191 216 226 215 187 154 126
 108  94  94 105 119 127 123 107  86  62  42  38  51  79 108 132 154 174 183 175 150 117  89  72  59  54  63  86 117 146 165 171 176 184 192 190 177 154 128 104  81  64  59  71  96 126 149 160 165 163 153 140 131 130 139 153 171 195 218 226 216 191 160 132 108  94  94 105 119 127 123 107  86  62  42  38  51  79 108 132 154 174 183 175 150 117  89  72  59  54  63  86 117 146 165 171 176 184 192 190 177 154 128 104  81  64  59  71  96 126 149 160 165 163 153 140 131 130 139 153 171 195 218 226 216 191 160 132
 115  97  89  92 102 111 113 105  94  82  74  76  89 110 131 147 160 169 164 145 115  83  58  45  37  42  63  98 135 166 182 183 181 179 174 163 146 124 102  84  67  54  52  65  91 121 144 157 166 171 169 163 156 151 152 159 169 187 206 217 212 193 167 140 115  97  89  92 102 111 113 105  94  82  74  76  89 110 131 147 160 169 164 145 115  83  58  45  37  42  63  98 135 166 182 183 181 179 174 163 146 124 102  84  67  54  52  65  91 121 144 157 166 171 169 163 156 151 152 159 169 187 206 217 212 193 167 140
 121  96  79  74  82  94 105 108 109 112 118 127 137 147 154 160 163 158 142 116  85  57  40  32  31  44  75 115 153 179 186 180 169 157 142 124 107  92  79  68  58  49  48  58  79 104 127 142 156 169 179 181 176 167 159 155 155 165 181 196 200 191 171 146 121  96  79  74  82  94 105 108 109 112 118 127 137 147 154 160 163 158 142 116  85  57  40  32  31  44  75 115 153 179 186 180 169 157 142 124 107  92  79  68  58  49  48  58  79 104 127 142 156 169 179 181 176 167 159 155 155 165 181 196 200 191 171 146
 121  92  67  57  63  81 100 115 129 145 163 175 179 176 170 165 158 143 119  92  67  50  42  40  45  64  99 137 168 182 179 164 146 125 103  86  75  70  67  65  61  56  52  55  67  86 106 123 141 164 184 194 191 177 160 145 134 136 151 169 183 184 171 148 121  92  67  57  63  81 100 115 129 145 163 175 179 176 170 165 158 143 119  92  67  50  42  40  45  64  99 137 168 182 179 164 146 125 103  86  75  70  67  65  61  56  52  55  67  86 106 123 141 164 184 194 191 177 160 145 134 136 151 169 183 184 171 148
 116  84  55  41  48  71  99 122 145 171 195 207 205 190 173 159 145 124 100  79  65  60  61  65  74  96 128 159 178 180 166 144 120  94  72  59  58  64  72  76  77  73  65  61  63  74  91 110 132 160 188 203 200 181 156 133 114 110 122 144 164 173 165 143 116  84  55  41  48  71  99 122 145 171 195 207 205 190 173 159 145 124 100  79  65  60  61  65  74  96 128 159 178 180 166 144 120  94  72  59  58  64  72  76  77  73  65  61  63  74  91 110 132 160 188 203 200 181 156 133 114 110 122 144 164 173 165 143
 107  74  44  30  39  65  97 125 152 183 208 218 209 187 162 144 126 106  87  75  73  80  89  97 106 127 155 177 185 176 155 129 103  76  57  51  59  76  90  98 102  97  86  75  71  76  91 111 134 164 194 210 205 182 152 125 103  95 105 127 149 161 155 134 107  74  44  30  39  65  97 125 152 183 208 218 209 187 162 144 126 106  87  75  73  80  89  97 106 127 155 177 185 176 155 129 103  76  57  51  59  76  90  98 102  97  86  75  71  76  91 111 134 164 194 210 205 182 152 125 103  95 105 127 149 161 155 134
  97  64  35  23  33  62  95 124 152 182 204 210 197 171 144 124 107  89  78  77  86 101 115 124 134 152 175 190 191 175 151 124  97  73  58  59  74  97 115 124 128 122 109  95  88  91 104 124 147 177 205 218 210 184 152 124 101  92 100 120 141 151 145 124  97  64  35  23  33  62  95 124 152 182 204 210 197 171 144 124 107  89  78  77  86 101 115 124 134 152 175 190 191 175 151 124  97  73  58  59  74  97 115 124 128 122 109  95  88  91 104 124 147 177 205 218 210 184 152 124 101  92 100 120 141 151 145 124
  85  53  27  18  31  60  94 122 148 176 194 196 178 149 121 101  85  72  68  77  97 120 138 147 157 173 192 201 196 176 149 122  96  74  65  72  94 121 142 150 153 147 131 115 106 108 121 141 164 193 218 228 216 189 156 127 104  93  98 114 131 139 132 111  85  53  27  18  31  60  94 122 148 176 194 196 178 149 121 101  85  72  68  77  97 120 138 147 157 173 192 201 196 176 149 122  96  74  65  72  94 121 142 150 153 147 131 115 106 108 121 141 164 193 218 228 216 189 156 127 104  93  98 114 131 139 132 111
  67  42  24  21  38  67  98 121 142 162 173 167 145 116  89  71  58  49  53  70  97 127 148 160 170 186 203 209 199 176 147 119  94  76  74  89 118 149 170 177 177 166 148 129 119 121 135 155 179 207 232 240 227 199 166 138 115 101  99 105 114 117 108  90  67  42  24  21  38  67  98 121 142 162 173 167 145 116  89  71  58  49  53  70  97 127 148 160 170 186 203 209 199 176 147 119  94  76  74  89 118 149 170 177 177 166 148 129 119 121 135 155 179 207 232 240 227 199 166 138 115 101  99 105 114 117 108  90
  50  36  31  39  59  85 108 122 133 142 141 128 105  79  57  44  34  30  38  58  88 120 143 157 169 188 205 211 200 176 146 118  93  80  85 108 142 174 192 194 189 173 150 130 120 125 142 163 188 217 242 251 239 211 180 154 131 112 100  94  92  89  81  66  50  36  31  39  59  85 108 122 133 142 141 128 105  79  57  44  34  30  38  58  88 120 143 157 169 188 205 211 200 176 146 118  93  80  85 108 142 174 192 194 189 173 150 130 120 125 142 163 188 217 242 251 239 211 180 154 131 112 100  94  92  89  81  66
  45  44  53  70  92 111 122 124 123 117 106  89  69  51  39  32  27  25  31  49  74 103 126 142 158 180 201 210 201 176 146 118  94  84  94 122 158 188 201 196 184 162 135 114 108 118 138 162 188 218 244 254 245 219 190 166 144 121 100  84  73  66  60  52  45  44  53  70  92 111 122 124 123 117 106  89  69  51  39  32  27  25  31  49  74 103 126 142 158 180 201 210 201 176 146 118  94  84  94 122 158 188 201 196 184 162 135 114 108 118 138 162 188 218 244 254 245 219 190 166 144 121 100  84  73  66  60  52
  55  66  86 110 129 138 136 126 113  96  77  60  48  42  40  40  39  38  39  47  63  84 105 123 142 169 195 207 201 177 147 119  96  88 101 129 163 188 194 182 163 135 105  85  84 101 126 152 179 210 238 249 241 218 191 169 149 124  98  76  63  57  56  54  55  66  86 110 129 138 136 126 113  96  77  60  48  42  40  40  39  38  39  47  63  84 105 123 142 169 195 207 201 177 147 119  96  88 101 129 163 188 194 182 163 135 105  85  84 101 126 152 179 210 238 249 241 218 191 169 149 124  98  76  63  57  56  54
  78  97 123 148 162 160 147 126 105  80  59  47  45  52  60  65  67  65  59  57  61  73  91 110 132 162 191 207 202 179 149 121  98  91 103 129 158 176 176 158 134 102  71  55  59  81 111 139 166 198 225 237 229 207 181 161 142 117  93  73  64  63  68  72  78  97 123 148 162 160 147 126 105  80  59  47  45  52  60  65  67  65  59  57  61  73  91 110 132 162 191 207 202 179 149 121  98  91 103 129 158 176 176 158 134 102  71  55  59  81 111 139 166 198 225 237 229 207 181 161 142 117  93  73  64  63  68  72
 107 128 154 175 182 173 151 126 100  74  54  49  57  73  88  96 100  95  85  74  70  76  91 110 134 165 195 210 205 182 151 123 100  92 102 125 149 162 157 137 110  77  47  32  41  67 100 128 156 187 213 223 213 189 164 144 126 105  86  74  73  81  90  98 107 128 154 175 182 173 151 126 100  74  54  49  57  73  88  96 100  95  85  74  70  76  91 110 134 165 195 210 205 182 151 123 100  92 102 125 149 162 157 137 110  77  47  32  41  67 100 128 156 187 213 223 213 189 164 144 126 105  86  74  73  81  90  98
 134 152 175 190 191 175 151 124  97  73  58  59  74  97 115 124 128 122 109  95  88  91 104 124 147 177 205 218 210 184 152 124 101  92 100 120 141 151 145 124  97  64  35  23  33  62  95 124 152 182 204 210 197 171 144 124 107  89  78  77  86 101 115 124 134 152 175 190 191 175 151 124  97  73  58  59  74  97 115 124 128 122 109  95  88  91 104 124 147 177 205 218 210 184 152 124 101  92 100 120 141 151 145 124  97  64  35  23  33  62  95 124 152 182 204 210 197 171 144 124 107  89  78  77  86 101 115 124
 160 176 192 200 193 172 146 119  93  72  64  71  93 120 141 150 153 146 130 114 104 106 118 137 160 188 213 222 211 183 151 123 100  91  98 116 134 142 135 114  87  55  28  18  31  61  95 123 149 177 195 197 180 151 123 104  88  76  73  83 102 125 143 151 160 176 192 200 193 172 146 119  93  72  64  71  93 120 141 150 153 146 130 114 104 106 118 137 160 188 213 222 211 183 151 123 100  91  98 116 134 142 135 114  87  55  28  18  31  61  95 123 149 177 195 197 180 151 123 104  88  76  73  83 102 125 143 151
 188 196 202 198 181 156 128 104  82  68  69  86 115 145 165 172 171 161 142 122 109 109 120 138 159 183 203 208 195 168 139 115  97  91  99 116 131 137 127 105  79  50  28  24  41  71 102 126 148 168 179 175 155 128 104  89  78  74  82 102 130 157 175 182 188 196 202 198 181 156 128 104  82  68  69  86 115 145 165 172 171 161 142 122 109 109 120 138 159 183 203 208 195 168 139 115  97  91  99 116 131 137 127 105  79  50  28  24  41  71 102 126 148 168 179 175 155 128 104  89  78  74  82 102 130 157 175 182
 208 206 198 181 156 128 103  84  69  65  78 105 138 167 182 183 177 162 138 115 101  99 109 125 142 161 173 174 161 140 119 103  93  94 107 125 137 137 123 100  75  51  38  42  63  92 117 133 145 153 153 143 125 105  90  83  80  87 106 135 166 191 205 208 208 206 198 181 156 128 103  84  69  65  78 105 138 167 182 183 177 162 138 115 101  99 109 125 142 161 173 174 161 140 119 103  93  94 107 125 137 137 123 100  75  51  38  42  63  92 117 133 145 153 153 143 125 105  90  83  80  87 106 135 166 191 205 208
 210 198 178 152 123  98  80  68  62  69  92 125 158 180 187 180 167 146 119  96  83  83  93 106 119 130 135 132 121 107  97  93  93 104 124 142 150 144 126 101  77  59  55  68  92 118 135 140 139 133 121 107  93  86  84  88  95 113 140 172 198 215 219 216 210 198 178 152 123  98  80  68  62  69  92 125 158 180 187 180 167 146 119  96  83  83  93 106 119 130 135 132 121 107  97  93  93 104 124 142 150 144 126 101  77  59  55  68  92 118 135 140 139 133 121 107  93  86  84  88  95 113 140 172 198 215 219 216
 191 172 146 118  94  77  69  65  66  82 111 145 172 184 180 164 145 119  92  73  65  70  80  91 100 104 102  95  87  82  83  89 100 121 146 165 169 157 134 108  84  71  76  94 120 142 150 143 131 111  89  72  67  73  86 101 118 144 175 202 218 220 214 203 191 172 146 118  94  77  69  65  66  82 111 145 172 184 180 164 145 119  92  73  65  70  80  91 100 104 102  95  87  82  83  89 100 121 146 165 169 157 134 108  84  71  76  94 120 142 150 143 131 111  89  72  67  73  86 101 118 144 175 202 218 220 214 203
 160 138 113  91  77  72  73  77  84 104 134 163 180 180 166 144 120  92  68  55  55  66  79  88  94  93  85  75  69  71  80  95 114 141 171 189 189 170 143 116  93  83  92 114 140 156 156 141 119  91  62  46  49  67  92 116 140 170 200 219 221 210 192 176 160 138 113  91  77  72  73  77  84 104 134 163 180 180 166 144 120  92  68  55  55  66  79  88  94  93  85  75  69  71  80  95 114 141 171 189 189 170 143 116  93  83  92 114 140 156 156 141 119  91  62  46  49  67  92 116 140 170 200 219 221 210 192 176
 129 108  89  77  76  82  91  99 108 129 156 178 185 176 155 129 102  76  56  50  59  76  92 100 105 100  89  77  71  75  89 108 130 161 191 207 203 180 150 122  99  90 100 122 145 158 154 134 108  75  45  31  39  64  96 124 151 183 209 220 212 190 166 147 129 108  89  77  76  82  91  99 108 129 156 178 185 176 155 129 102  76  56  50  59  76  92 100 105 100  89  77  71  75  89 108 130 161 191 207 203 180 150 122  99  90 100 122 145 158 154 134 108  75  45  31  39  64  96 124 151 183 209 220 212 190 166 147
 107  89  78  77  86 101 115 124 134 152 175 190 191 175 151 124  97  73  58  59  74  97 115 124 128 122 109  95  88  91 104 124 147 177 205 218 210 184 152 124 101  92 100 120 141 151 145 124  97  64  35  23  33  62  95 124 152 182 204 210 197 171 144 124 107  89  78  77  86 101 115 124 134 152 175 190 191 175 151 124  97  73  58  59  74  97 115 124 128 122 109  95  88  91 104 124 147 177 205 218 210 184 152 124 101  92 100 120 141 151 145 124  97  64  35  23  33  62  95 124 152 182 204 210 197 171 144 124
  85  72  68  77  97 120 138 147 157 173 192 201 196 176 149 122  96  74  65  72  94 121 142 150 153 147 131 115 106 108 121 141 164 193 218 228 216 189 156 127 104  93  98 114 131 139 132 111  85  53  27  18  31  60  94 122 148 176 194 196 178 149 121 101  85  72  68  77  97 120 138 147 157 173 192 201 196 176 149 122  96  74  65  72  94 121 142 150 153 147 131 115 106 108 121 141 164 193 218 228 216 189 156 127 104  93  98 114 131 139 132 111  85  53  27  18  31  60  94 122 148 176 194 196 178 149 121 101
  58  49  53  70  97 127 148 160 170 186 203 209 199 176 147 119  94  76  74  89 118 149 170 177 177 166 148 129 119 121 135 155 179 207 232 240 227 199 166 138 115 101  99 105 114 117 108  90  67  42  24  21  38  67  98 121 142 162 173 167 145 116  89  71  58  49  53  70  97 127 148 160 170 186 203 209 199 176 147 119  94  76  74  89 118 149 170 177 177 166 148 129 119 121 135 155 179 207 232 240 227 199 166 138 115 101  99 105 114 117 108  90  67  42  24  21  38  67  98 121 142 162 173 167 145 116  89  71
  34  30  38  58  88 120 143 157 169 188 205 211 200 176 146 118  93  80  85 108 142 174 192 194 189 173 150 130 120 125 142 163 188 217 242 251 239 211 180 154 131 112 100  94  92  89  81  66  50  36  31  39  59  85 108 122 133 142 141 128 105  79  57  44  34  30  38  58  88 120 143 157 169 188 205 211 200 176 146 118  93  80  85 108 142 174 192 194 189 173 150 130 120 125 142 163 188 217 242 251 239 211 180 154 131 112 100  94  92  89  81  66  50  36  31  39  59  85 108 122 133 142 141 128 105  79  57  44
  27  25  31  49  74 103 126 142 158 180 201 210 201 176 146 118  94  84  94 122 158 188 201 196 184 162 135 114 108 118 138 162 188 218 244 254 245 219 190 166 144 121 100  84  73  66  60  52  45  44  53  70  92 111 122 124 123 117 106  89  69  51  39  32  27  25  31  49  74 103 126 142 158 180 201 210 201 176 146 118  94  84  94 122 158 188 201 196 184 162 135 114 108 118 138 162 188 218 244 254 245 219 190 166 144 121 100  84  73  66  60  52  45  44  53  70  92 111 122 124 123 117 106  89  69  51  39  32
  39  38  39  47  63  84 105 123 142 169 195 207 201 177 147 119  96  88 101 129 163 188 194 182 163 135 105  85  84 101 126 152 179 210 238 249 241 218 191 169 149 124  98  76  63  57  56  54  55  66  86 110 129 138 136 126 113  96  77  60  48  42  40  40  39  38  39  47  63  84 105 123 142 169 195 207 201 177 147 119  96  88 101 129 163 188 194 182 163 135 105  85  84 101 126 152 179 210 238 249 241 218 191 169 149 124  98  76  63  57  56  54  55  66  86 110 129 138 136 126 113  96  77  60  48  42  40  40
  67  65  59  57  61  73  91 110 132 162 191 207 202 179 149 121  98  91 103 129 158 176 176 158 134 102  71  55  59  81 111 139 166 198 225 237 229 207 181 161 142 117  93  73  64  63  68  72  78  97 123 148 162 160 147 126 105  80  59  47  45  52  60  65  67  65  59  57  61  73  91 110 132 162 191 207 202 179 149 121  98  91 103 129 158 176 176 158 134 102  71  55  59  81 111 139 166 198 225 237 229 207 181 161 142 117  93  73  64  63  68  72  78  97 123 148 162 160 147 126 105  80  59  47  45  52  60  65
 100  95  85  74  70  76  91 110 134 165 195 210 205 182 151 123 100  92 102 125 149 162 157 137 110  77  47  32  41  67 100 128 156 187 213 223 213 189 164 144 126 105  86  74  73  81  90  98 107 128 154 175 182 173 151 126 100  74  54  49  57  73  88  96 100  95  85  74  70  76  91 110 134 165 195 210 205 182 151 123 100  92 102 125 149 162 157 137 110  77  47  32  41  67 100 128 156 187 213 223 213 189 164 144 126 105  86  74  73  81  90  98 107 128 154 175 182 173 151 126 100  74  54  49  57  73  88  96
 128 122 109  95  88  91 104 124 147 177 205 218 210 184 152 124 101  92 100 120 141 151 145 124  97  64  35  23  33  62  95 124 152 182 204 210 197 171 144 124 107  89  78  77  86 101 115 124 134 152 175 190 191 175 151 124  97  73  58  59  74  97 115 124 128 122 109  95  88  91 104 124 147 177 205 218 210 184 152 124 101  92 100 120 141 151 145 124  97  64  35  23  33  62  95 124 152 182 204 210 197 171 144 124 107  89  78  77  86 101 115 124 134 152 175 190 191 175 151 124  97  73  58  59  74  97 115 124
 153 146 130 114 104 106 118 137 160 188 213 222 211 183 151 123 100  91  98 116 134 142 135 114  87  55  28  18  31  61  95 123 149 177 195 197 180 151 123 104  88  76  73  83 102 125 143 151 160 176 192 200 193 172 146 119  93  72  64  71  93 120 141 150 153 146 130 114 104 106 118 137 160 188 213 222 211 183 151 123 100  91  98 116 134 142 135 114  87  55  28  18  31  61  95 123 149 177 195 197 180 151 123 104  88  76  73  83 102 125 143 151 160 176 192 200 193 172 146 119  93  72  64  71  93 120 141 150
 171 161 142 122 109 109 120 138 159 183 203 208 195 168 139 115  97  91  99 116 131 137 127 105  79  50  28  24  41  71 102 126 148 168 179 175 155 128 104  89  78  74  82 102 130 157 175 182 188 196 202 198 181 156 128 104  82  68  69  86 115 145 165 172 171 161 142 122 109 109 120 138 159 183 203 208 195 168 139 115  97  91  99 116 131 137 127 105  79  50  28  24  41  71 102 126 148 168 179 175 155 128 104  89  78  74  82 102 130 157 175 182 188 196 202 198 181 156 128 104  82  68  69  86 115 145 165 172
 177 162 138 115 101  99 109 125 142 161 173 174 161 140 119 103  93  94 107 125 137 137 123 100  75  51  38  42  63  92 117 133 145 153 153 143 125 105  90  83  80  87 106 135 166 191 205 208 208 206 198 181 156 128 103  84  69  65  78 105 138 167 182 183 177 162 138 115 101  99 109 125 142 161 173 174 161 140 119 103  93  94 107 125 137 137 123 100  75  51  38  42  63  92 117 133 145 153 153 143 125 105  90  83  80  87 106 135 166 191 205 208 208 206 198 181 156 128 103  84  69  65  78 105 138 167 182 183
 167 146 119  96  83  83  93 106 119 130 135 132 121 107  97  93  93 104 124 142 150 144 126 101  77  59  55  68  92 118 135 140 139 133 121 107  93  86  84  88  95 113 140 172 198 215 219 216 210 198 178 152 123  98  80  68  62  69  92 125 158 180 187 180 167 146 119  96  83  83  93 106 119 130 135 132 121 107  97  93  93 104 124 142 150 144 126 101  77  59  55  68  92 118 135 140 139 133 121 107  93  86  84  88  95 113 140 172 198 215 219 216 210 198 178 152 123  98  80  68  62  69  92 125 158 180 187 180
 145 119  92  73  65  70  80  91 100 104 102  95  87  82  83  89 100 121 146 165 169 157 134 108  84  71  76  94 120 142 150 143 131 111  89  72  67  73  86 101 118 144 175 202 218 220 214 203 191 172 146 118  94  77  69  65  66  82 111 145 172 184 180 164 145 119  92  73  65  70  80  91 100 104 102  95  87  82  83  89 100 121 146 165 169 157 134 108  84  71  76  94 120 142 150 143 131 111  89  72  67  73  86 101 118 144 175 202 218 220 214 203 191 172 146 118  94  77  69  65  66  82 111 145 172 184 180 164
 120  92  68  55  55  66  79  88  94  93  85  75  69  71  80  95 114 141 171 189 189 170 143 116  93  83  92 114 140 156 156 141 119  91  62  46  49  67  92 116 140 170 200 219 221 210 192 176 160 138 113  91  77  72  73  77  84 104 134 163 180 180 166 144 120  92  68  55  55  66  79  88  94  93  85  75  69  71  80  95 114 141 171 189 189 170 143 116  93  83  92 114 140 156 156 141 119  91  62  46  49  67  92 116 140 170 200 219 221 210 192 176 160 138 113  91  77  72  73  77  84 104 134 163 180 180 166 144
 102  76  56  50  59  76  92 100 105 100  89  77  71  75  89 108 130 161 191 207 203 180 150 122  99  90 100 122 145 158 154 134 108  75  45  31  39  64  96 124 151 183 209 220 212 190 166 147 129 108  89  77  76  82  91  99 108 129 156 178 185 176 155 129 102  76  56  50  59  76  92 100 105 100  89  77  71  75  89 108 130 161 191 207 203 180 150 122  99  90 100 122 145 158 154 134 108  75  45  31  39  64  96 124 151 183 209 220 212 190 166 147 129 108  89  77  76  82  91  99 108 129 156 178 185 176 155 129
  97  73  58  59  74  97 115 124 128 122 109  95  88  91 104 124 147 177 205 218 210 184 152 124 101  92 100 120 141 151 145 124  97  64  35  23  33  62  95 124 152 182 204 210 197 171 144 124 107  89  78  77  86 101 115 124 134 152 175 190 191 175 151 124  97  73  58  59  74  97 115 124 128 122 109  95  88  91 104 124 147 177 205 218 210 184 152 124 101  92 100 120 141 151 145 124  97  64  35  23  33  62  95 124 152 182 204 210 197 171 144 124 107  89  78  77  86 101 115 124 134 152 175 190 191 175 151 124
  97  76  67  74  96 122 143 152 155 148 132 115 105 106 118 137 160 189 215 225 214 186 154 125 102  91  97 113 130 139 132 111  85  53  25  15  27  57  91 120 147 176 196 198 181 152 124 104  87  74  71  80 100 124 141 150 159 174 191 200 194 175 148 122  97  76  67  74  96 122 143 152 155 148 132 115 105 106 118 137 160 189 215 225 214 186 154 125 102  91  97 113 130 139 132 111  85  53  25  15  27  57  91 120 147 176 196 198 181 152 124 104  87  74  71  80 100 124 141 150 159 174 191 200 194 175 148 122
 101  88  88 103 129 157 176 183 184 173 152 129 114 110 120 138 159 187 213 224 214 187 155 127 103  89  88  98 110 115 108  89  66  37  13   5  19  48  81 109 136 164 184 185 167 137 108  87  70  62  68  89 119 150 169 176 181 190 198 198 187 167 143 121 101  88  88 103 129 157 176 183 184 173 152 129 114 110 120 138 159 187 213 224 214 187 155 127 103  89  88  98 110 115 108  89  66  37  13   5  19  48  81 109 136 164 184 185 167 137 108  87  70  62  68  89 119 150 169 176 181 190 198 198 187 167 143 121
 112 110 120 142 169 192 205 208 204 188 161 132 111 103 110 125 144 172 199 213 208 186 157 129 104  85  76  77  82  85  80  66  48  25   5   0  12  38  69  96 122 151 172 176 160 131 101  78  61  56  70 101 139 173 192 194 192 191 187 178 165 150 135 122 112 110 120 142 169 192 205 208 204 188 161 132 111 103 110 125 144 172 199 213 208 186 157 129 104  85  76  77  82  85  80  66  48  25   5   0  12  38  69  96 122 151 172 176 160 131 101  78  61  56  70 101 139 173 192 194 192 191 187 178 165 150 135 122
 126 137 157 181 203 216 220 216 207 187 155 123  99  90  94 106 123 149 179 198 200 184 157 130 104  81  64  57  57  60  59  52  41  24   9   4  13  35  61  86 111 141 166 174 162 135 105  81  63  60  78 113 154 186 200 196 186 173 157 142 132 126 124 124 126 137 157 181 203 216 220 216 207 187 155 123  99  90  94 106 123 149 179 198 200 184 157 130 104  81  64  57  57  60  59  52  41  24   9   4  13  35  61  86 111 141 166 174 162 135 105  81  63  60  78 113 154 186 200 196 186 173 157 142 132 126 124 124
 140 162 188 210 222 222 214 204 190 166 135 105  85  77  81  91 105 131 161 185 191 180 157 130 103  76  55  44  43  49  54  54  49  39  27  20  25  40  62  85 109 140 168 181 174 149 120  94  74  70  88 122 159 186 193 182 164 140 116  99  94 101 114 126 140 162 188 210 222 222 214 204 190 166 135 105  85  77  81  91 105 131 161 185 191 180 157 130 103  76  55  44  43  49  54  54  49  39  27  20  25  40  62  85 109 140 168 181 174 149 120  94  74  70  88 122 159 186 193 182 164 140 116  99  94 101 114 126
 150 178 206 222 223 210 192 176 160 136 109  87  75  74  80  88 100 124 154 178 186 177 155 129 101  74  51  41  44  56  66  71  72  66  54  45  45  54  72  93 117 148 178 194 189 167 137 110  88  82  97 125 156 175 176 158 135 104  75  59  61  80 104 127 150 178 206 222 223 210 192 176 160 136 109  87  75  74  80  88 100 124 154 178 186 177 155 129 101  74  51  41  44  56  66  71  72  66  54  45  45  54  72  93 117 148 178 194 189 167 137 110  88  82  97 125 156 175 176 158 135 104  75  59  61  80 104 127
 153 184 210 221 212 190 166 147 129 108  89  77  75  83  93 101 111 132 159 180 186 175 153 126  99  73  53  48  57  74  89  97 101  96  84  72  67  73  87 107 131 162 192 208 203 179 149 121  98  90 101 124 148 162 157 137 110  77  47  33  41  67  98 126 153 184 210 221 212 190 166 147 129 108  89  77  75  83  93 101 111 132 159 180 186 175 153 126  99  73  53  48  57  74  89  97 101  96  84  72  67  73  87 107 131 162 192 208 203 179 149 121  98  90 101 124 148 162 157 137 110  77  47  33  41  67  98 126
 152 182 204 210 197 171 144 124 107  89  78  77  86 101 115 124 134 152 175 190 191 175 151 124  97  73  58  59  74  97 115 124 128 122 109  95  88  91 104 124 147 177 205 218 210 184 152 124 101  92 100 120 141 151 145 124  97  64  35  23  33  62  95 124 152 182 204 210 197 171 144 124 107  89  78  77  86 101 115 124 134 152 175 190 191 175 151 124  97  73  58  59  74  97 115 124 128 122 109  95  88  91 104 124 147 177 205 218 210 184 152 124 101  92 100 120 141 151 145 124  97  64  35  23  33  62  95 124
 147 176 196 198 181 152 124 104  87  74  71  80 100 124 141 150 159 174 191 200 194 175 148 122  97  76  67  74  96 122 143 152 155 148 132 115 105 106 118 137 160 189 215 225 214 186 154 125 102  91  97 113 130 139 132 111  85  53  25  15  27  57  91 120 147 176 196 198 181 152 124 104  87  74  71  80 100 124 141 150 159 174 191 200 194 175 148 122  97  76  67  74  96 122 143 152 155 148 132 115 105 106 118 137 160 189 215 225 214 186 154 125 102  91  97 113 130 139 132 111  85  53  25  15  27  57  91 120
 136 164 184 185 167 137 108  87  70  62  68  89 119 150 169 176 181 190 198 198 187 167 143 121 101  88  88 103 129 157 176 183 184 173 152 129 114 110 120 138 159 187 213 224 214 187 155 127 103  89  88  98 110 115 108  89  66  37  13   5  19  48  81 109 136 164 184 185 167 137 108  87  70  62  68  89 119 150 169 176 181 190 198 198 187 167 143 121 101  88  88 103 129 157 176 183 184 173 152 129 114 110 120 138 159 187 213 224 214 187 155 127 103  89  88  98 110 115 108  89  66  37  13   5  19  48  81 109
 122 151 172 176 160 131 101  78  61  56  70 101 139 173 192 194 192 191 187 178 165 150 135 122 112 110 120 142 169 192 205 208 204 188 161 132 111 103 110 125 144 172 199 213 208 186 157 129 104  85  76  77  82  85  80  66  48  25   5   0  12  38  69  96 122 151 172 176 160 131 101  78  61  56  70 101 139 173 192 194 192 191 187 178 165 150 135 122 112 110 120 142 169 192 205 208 204 188 161 132 111 103 110 125 144 172 199 213 208 186 157 129 104  85  76  77  82  85  80  66  48  25   5   0  12  38  69  96
 111 141 166 174 162 135 105  81  63  60  78 113 154 186 200 196 186 173 157 142 132 126 124 124 126 137 157 181 203 216 220 216 207 187 155 123  99  90  94 106 123 149 179 198 200 184 157 130 104  81  64  57  57  60  59  52  41  24   9   4  13  35  61  86 111 141 166 174 162 135 105  81  63  60  78 113 154 186 200 196 186 173 157 142 132 126 124 124 126 137 157 181 203 216 220 216 207 187 155 123  99  90  94 106 123 149 179 198 200 184 157 130 104  81  64  57  57  60  59  52  41  24   9   4  13  35  61  86
 109 140 168 181 174 149 120  94  74  70  88 122 159 186 193 182 164 140 116  99  94 101 114 126 140 162 188 210 222 222 214 204 190 166 135 105  85  77  81  91 105 131 161 185 191 180 157 130 103  76  55  44  43  49  54  54  49  39  27  20  25  40  62  85 109 140 168 181 174 149 120  94  74  70  88 122 159 186 193 182 164 140 116  99  94 101 114 126 140 162 188 210 222 222 214 204 190 166 135 105  85  77  81  91 105 131 161 185 191 180 157 130 103  76  55  44  43  49  54  54  49  39  27  20  25  40  62  85
 117 148 178 194 189 167 137 110  88  82  97 125 156 175 176 158 135 104  75  59  61  80 104 127 150 178 206 222 223 210 192 176 160 136 109  87  75  74  80  88 100 124 154 178 186 177 155 129 101  74  51  41  44  56  66  71  72  66  54  45  45  54  72  93 117 148 178 194 189 167 137 110  88  82  97 125 156 175 176 158 135 104  75  59  61  80 104 127 150 178 206 222 223 210 192 176 160 136 109  87  75  74  80  88 100 124 154 178 186 177 155 129 101  74  51  41  44  56  66  71  72  66  54  45  45  54  72  93
 131 162 192 208 203 179 149 121  98  90 101 124 148 162 157 137 110  77  47  33  41  67  98 126 153 184 210 221 212 190 166 147 129 108  89  77  75  83  93 101 111 132 159 180 186 175 153 126  99  73  53  48  57  74  89  97 101  96  84  72  67  73  87 107 131 162 192 208 203 179 149 121  98  90 101 124 148 162 157 137 110  77  47  33  41  67  98 126 153 184 210 221 212 190 166 147 129 108  89  77  75  83  93 101 111 132 159 180 186 175 153 126  99  73  53  48  57  74  89  97 101  96  84  72  67  73  87 107
 147 177 205 218 210 184 152 124 101  92 100 120 141 151 145 124  97  64  35  23  33  62  95 124 152 182 204 210 197 171 144 124 107  89  78  77  86 101 115 124 134 152 175 190 191 175 151 124  97  73  58  59  74  97 115 124 128 122 109  95  88  91 104 124 147 177 205 218 210 184 152 124 101  92 100 120 141 151 145 124  97  64  35  23  33  62  95 124 152 182 204 210 197 171 144 124 107  89  78  77  86 101 115 124 134 152 175 190 191 175 151 124  97  73  58  59  74  97 115 124 128 122 109  95  88  91 104 124
 162 191 216 226 215 187 154 126 103  92  98 114 132 141 134 114  88  57  30  21  33  62  96 124 151 178 196 197 179 149 121 101  85  73  70  80 100 123 141 149 158 173 190 198 192 172 145 119  93  72  62  69  90 117 138 147 151 146 132 117 108 109 121 140 162 191 216 226 215 187 154 126 103  92  98 114 132 141 134 114  88  57  30  21  33  62  96 124 151 178 196 197 179 149 121 101  85  73  70  80 100 123 141 149 158 173 190 198 192 172 145 119  93  72  62  69  90 117 138 147 151 146 132 117 108 109 121 140
 171 195 218 226 216 191 160 132 108  94  94 105 119 127 123 107  86  62  42  38  51  79 108 132 154 174 183 175 150 117  89  72  59  54  63  86 117 146 165 171 176 184 192 190 177 154 128 104  81  64  59  71  96 126 149 160 165 163 153 140 131 130 139 153 171 195 218 226 216 191 160 132 108  94  94 105 119 127 123 107  86  62  42  38  51  79 108 132 154 174 183 175 150 117  89  72  59  54  63  86 117 146 165 171 176 184 192 190 177 154 128 104  81  64  59  71  96 126 149 160 165 163 153 140 131 130 139 153
 169 187 206 217 212 193 167 140 115  97  89  92 102 111 113 105  94  82  74  76  89 110 131 147 160 169 164 145 115  83  58  45  37  42  63  98 135 166 182 183 181 179 174 163 146 124 102  84  67  54  52  65  91 121 144 157 166 171 169 163 156 151 152 159 169 187 206 217 212 193 167 140 115  97  89  92 102 111 113 105  94  82  74  76  89 110 131 147 160 169 164 145 115  83  58  45  37  42  63  98 135 166 182 183 181 179 174 163 146 124 102  84  67  54  52  65  91 121 144 157 166 171 169 163 156 151 152 159
 155 165 181 196 200 191 171 146 121  96  79  74  82  94 105 108 109 112 118 127 137 147 154 160 163 158 142 116  85  57  40  32  31  44  75 115 153 179 186 180 169 157 142 124 107  92  79  68  58  49  48  58  79 104 127 142 156 169 179 181 176 167 159 155 155 165 181 196 200 191 171 146 121  96  79  74  82  94 105 108 109 112 118 127 137 147 154 160 163 158 142 116  85  57  40  32  31  44  75 115 153 179 186 180 169 157 142 124 107  92  79  68  58  49  48  58  79 104 127 142 156 169 179 181 176 167 159 155
 134 136 151 169 183 184 171 148 121  92  67  57  63  81 100 115 129 145 163 175 179 176 170 165 158 143 119  92  67  50  42  40  45  64  99 137 168 182 179 164 146 125 103  86  75  70  67  65  61  56  52  55  67  86 106 123 141 164 184 194 191 177 160 145 134 136 151 169 183 184 171 148 121  92  67  57  63  81 100 115 129 145 163 175 179 176 170 165 158 143 119  92  67  50  42  40  45  64  99 137 168 182 179 164 146 125 103  86  75  70  67  65  61  56  52  55  67  86 106 123 141 164 184 194 191 177 160 145
 114 110 122 144 164 173 165 143 116  84  55  41  48  71  99 122 145 171 195 207 205 190 173 159 145 124 100  79  65  60  61  65  74  96 128 159 178 180 166 144 120  94  72  59  58  64  72  76  77  73  65  61  63  74  91 110 132 160 188 203 200 181 156 133 114 110 122 144 164 173 165 143 116  84  55  41  48  71  99 122 145 171 195 207 205 190 173 159 145 124 100  79  65  60  61  65  74  96 128 159 178 180 166 144 120  94  72  59  58  64  72  76  77  73  65  61  63  74  91 110 132 160 188 203 200 181 156 133
 103  95 105 127 149 161 155 134 107  74  44  30  39  65  97 125 152 183 208 218 209 187 162 144 126 106  87  75  73  80  89  97 106 127 155 177 185 176 155 129 103  76  57  51  59  76  90  98 102  97  86  75  71  76  91 111 134 164 194 210 205 182 152 125 103  95 105 127 149 161 155 134 107  74  44  30  39  65  97 125 152 183 208 218 209 187 162 144 126 106  87  75  73  80  89  97 106 127 155 177 185 176 155 129 103  76  57  51  59  76  90  98 102  97  86  75  71  76  91 111 134 164 194 210 205 182 152 125
 101  92 100 120 141 151 145 124  97  64  35  23  33  62  95 124 152 182 204 210 197 171 144 124 107  89  78  77  86 101 115 124 134 152 175 190 191 175 151 124  97  73  58  59  74  97 115 124 128 122 109  95  88  91 104 124 147 177 205 218 210 184 152 124 101  92 100 120 141 151 145 124  97  64  35  23  33  62  95 124 152 182 204 210 197 171 144 124 107  89  78  77  86 101 115 124 134 152 175 190 191 175 151 124  97  73  58  59  74  97 115 124 128 122 109  95  88  91 104 124 147 177 205 218 210 184 152 124
 103  92  98 114 132 141 134 114  88  57  30  21  33  62  96 124 151 178 196 197 179 149 121 101  85  73  70  80 100 123 141 149 158 173 190 198 192 172 145 119  93  72  62  69  90 117 138 147 151 146 132 117 108 109 121 140 162 191 216 226 215 187 154 126 103  92  98 114 132 141 134 114  88  57  30  21  33  62  96 124 151 178 196 197 179 149 121 101  85  73  70  80 100 123 141 149 158 173 190 198 192 172 145 119  93  72  62  69  90 117 138 147 151 146 132 117 108 109 121 140 162 191 216 226 215 187 154 126
 108  94  94 105 119 127 123 107  86  62  42  38  51  79 108 132 154 174 183 175 150 117  89  72  59  54  63  86 117 146 165 171 176 184 192 190 177 154 128 104  81  64  59  71  96 126 149 160 165 163 153 140 131 130 139 153 171 195 218 226 216 191 160 132 108  94  94 105 119 127 123 107  86  62  42  38  51  79 108 132 154 174 183 175 150 117  89  72  59  54  63  86 117 146 165 171 176 184 192 190 177 154 128 104  81  64  59  71  96 126 149 160 165 163 153 140 131 130 139 153 171 195 218 226 216 191 160 132
 115  97  89  92 102 111 113 105  94  82  74  76  89 110 131 147 160 169 164 145 115  83  58  45  37  42  63  98 135 166 182 183 181 179 174 163 146 124 102  84  67  54  52  65  91 121 144 157 166 171 169 163 156 151 152 159 169 187 206 217 212 193 167 140 115  97  89  92 102 111 113 105  94  82  74  76  89 110 131 147 160 169 164 145 115  83  58  45  37  42  63  98 135 166 182 183 181 179 174 163 146 124 102  84  67  54  52  65  91 121 144 157 166 171 169 163 156 151 152 159 169 187 206 217 212 193 167 140
 121  96  79  74  82  94 105 108 109 112 118 127 137 147 154 160 163 158 142 116  85  57  40  32  31  44  75 115 153 179 186 180 169 157 142 124 107  92  79  68  58  49  48  58  79 104 127 142 156 169 179 181 176 167 159 155 155 165 181 196 200 191 171 146 121  96  79  74  82  94 105 108 109 112 118 127 137 147 154 160 163 158 142 116  85  57  40  32  31  44  75 115 153 179 186 180 169 157 142 124 107  92  79  68  58  49  48  58  79 104 127 142 156 169 179 181 176 167 159 155 155 165 181 196 200 191 171 146
 121  92  67  57  63  81 100 115 129 145 163 175 179 176 170 165 158 143 119  92  67  50  42  40  45  64  99 137 168 182 179 164 146 125 103  86  75  70  67  65  61  56  52  55  67  86 106 123 141 164 184 194 191 177 160 145 134 136 151 169 183 184 171 148 121  92  67  57  63  81 100 115 129 145 163 175 179 176 170 165 158 143 119  92  67  50  42  40  45  64  99 137 168 182 179 164 146 125 103  86  75  70  67  65  61  56  52  55  67  86 106 123 141 164 184 194 191 177 160 145 134 136 151 169 183 184 171 148
 116  84  55  41  48  71  99 122 145 171 195 207 205 190 173 159 145 124 100  79  65  60  61  65  74  96 128 159 178 180 166 144 120  94  72  59  58  64  72  76  77  73  65  61  63  74  91 110 132 160 188 203 200 181 156 133 114 110 122 144 164 173 165 143 116  84  55  41  48  71  99 122 145 171 195 207 205 190 173 159 145 124 100  79  65  60  61  65  74  96 128 159 178 180 166 144 120  94  72  59  58  64  72  76  77  73  65  61  63  74  91 110 132 160 188 203 200 181 156 133 114 110 122 144 164 173 165 143
 107  74  44  30  39  65  97 125 152 183 208 218 209 187 162 144 126 106  87  75  73  80  89  97 106 127 155 177 185 176 155 129 103  76  57  51  59  76  90  98 102  97  86  75  71  76  91 111 134 164 194 210 205 182 152 125 103  95 105 127 149 161 155 134 107  74  44  30  39  65  97 125 152 183 208 218 209 187 162 144 126 106  87  75  73  80  89  97 106 127 155 177 185 176 155 129 103  76  57  51  59  76  90  98 102  97  86  75  71  76  91 111 134 164 194 210 205 182 152 125 103  95 105 127 149 161 155 134
  97  64  35  23  33  62  95 124 152 182 204 210 197 171 144 124 107  89  78  77  86 101 115 124 134 152 175 190 191 175 151 124  97  73  58  59  74  97 115 124 128 122 109  95  88  91 104 124 147 177 205 218 210 184 152 124 101  92 100 120 141 151 145 124  97  64  35  23  33  62  95 124 152 182 204 210 197 171 144 124 107  89  78  77  86 101 115 124 134 152 175 190 191 175 151 124  97  73  58  59  74  97 115 124 128 122 109  95  88  91 104 124 147 177 205 218 210 184 152 124 101  92 100 120 141 151 145 124
  85  53  27  18  31  60  94 122 148 176 194 196 178 149 121 101  85  72  68  77  97 120 138 147 157 173 192 201 196 176 149 122  96  74  65  72  94 121 142 150 153 147 131 115 106 108 121 141 164 193 218 228 216 189 156 127 104  93  98 114 131 139 132 111  85  53  27  18  31  60  94 122 148 176 194 196 178 149 121 101  85  72  68  77  97 120 138 147 157 173 192 201 196 176 149 122  96  74  65  72  94 121 142 150 153 147 131 115 106 108 121 141 164 193 218 228 216 189 156 127 104  93  98 114 131 139 132 111
  67  42  24  21  38  67  98 121 142 162 173 167 145 116  89  71  58  49  53  70  97 127 148 160 170 186 203 209 199 176 147 119  94  76  74  89 118 149 170 177 177 166 148 129 119 121 135 155 179 207 232 240 227 199 166 138 115 101  99 105 114 117 108  90  67  42  24  21  38  67  98 121 142 162 173 167 145 116  89  71  58  49  53  70  97 127 148 160 170 186 203 209 199 176 147 119  94  76  74  89 118 149 170 177 177 166 148 129 119 121 135 155 179 207 232 240 227 199 166 138 115 101  99 105 114 117 108  90
  50  36  31  39  59  85 108 122 133 142 141 128 105  79  57  44  34  30  38  58  88 120 143 157 169 188 205 211 200 176 146 118  93  80  85 108 142 174 192 194 189 173 150 130 120 125 142 163 188 217 242 251 239 211 180 154 131 112 100  94  92  89  81  66  50  36  31  39  59  85 108 122 133 142 141 128 105  79  57  44  34  30  38  58  88 120 143 157 169 188 205 211 200 176 146 118  93  80  85 108 142 174 192 194 189 173 150 130 120 125 142 163 188 217 242 251 239 211 180 154 131 112 100  94  92  89  81  66
  45  44  53  70  92 111 122 124 123 117 106  89  69  51  39  32  27  25  31  49  74 103 126 142 158 180 201 210 201 176 146 118  94  84  94 122 158 188 201 196 184 162 135 114 108 118 138 162 188 218 244 254 245 219 190 166 144 121 100  84  73  66  60  52  45  44  53  70  92 111 122 124 123 117 106  89  69  51  39  32  27  25  31  49  74 103 126 142 158 180 201 210 201 176 146 118  94  84  94 122 158 188 201 196 184 162 135 114 108 118 138 162 188 218 244 254 245 219 190 166 144 121 100  84  73  66  60  52
  55  66  86 110 129 138 136 126 113  96  77  60  48  42  40  40  39  38  39  47  63  84 105 123 142 169 195 207 201 177 147 119  96  88 101 129 163 188 194 182 163 135 105  85  84 101 126 152 179 210 238 249 241 218 191 169 149 124  98  76  63  57  56  54  55  66  86 110 129 138 136 126 113  96  77  60  48  42  40  40  39  38  39  47  63  84 105 123 142 169 195 207 201 177 147 119  96  88 101 129 163 188 194 182 163 135 105  85  84 101 126 152 179 210 238 249 241 218 191 169 149 124  98  76  63  57  56  54
  78  97 123 148 162 160 147 126 105  80  59  47  45  52  60  65  67  65  59  57  61  73  91 110 132 162 191 207 202 179 149 121  98  91 103 129 158 176 176 158 134 102  71  55  59  81 111 139 166 198 225 237 229 207 181 161 142 117  93  73  64  63  68  72  78  97 123 148 162 160 147 126 105  80  59  47  45  52  60  65  67  65  59  57  61  73  91 110 132 162 191 207 202 179 149 121  98  91 103 129 158 176 176 158 134 102  71  55  59  81 111 139 166 198 225 237 229 207 181 161 142 117  93  73  64  63  68  72
 107 128 154 175 182 173 151 126 100  74  54  49  57  73  88  96 100  95  85  74  70  76  91 110 134 165 195 210 205 182 151 123 100  92 102 125 149 162 157 137 110  77  47  32  41  67 100 128 156 187 213 223 213 189 164 144 126 105  86  74  73  81  90  98 107 128 154 175 182 173 151 126 100  74  54  49  57  73  88  96 100  95  85  74  70  76  91 110 134 165 195 210 205 182 151 123 100  92 102 125 149 162 157 137 110  77  47  32  41  67 100 128 156 187 213 223 213 189 164 144 126 105  86  74  73  81  90  98
 134 152 175 190 191 175 151 124  97  73  58  59  74  97 115 124 128 122 109  95  88  91 104 124 147 177 205 218 210 184 152 124 101  92 100 120 141 151 145 124  97  64  35  23  33  62  95 124 152 182 204 210 197 171 144 124 107  89  78  77  86 101 115 124 134 152 175 190 191 175 151 124  97  73  58  59  74  97 115 124 128 122 109  95  88  91 104 124 147 177 205 218 210 184 152 124 101  92 100 120 141 151 145 124  97  64  35  23  33  62  95 124 152 182 204 210 197 171 144 124 107  89  78  77  86 101 115 124
 160 176 192 200 193 172 146 119  93  72  64  71  93 120 141 150 153 146 130 114 104 106 118 137 160 188 213 222 211 183 151 123 100  91  98 116 134 142 135 114  87  55  28  18  31  61  95 123 149 177 195 197 180 151 123 104  88  76  73  83 102 125 143 151 160 176 192 200 193 172 146 119  93  72  64  71  93 120 141 150 153 146 130 114 104 106 118 137 160 188 213 222 211 183 151 123 100  91  98 116 134 142 135 114  87  55  28  18  31  61  95 123 149 177 195 197 180 151 123 104  88  76  73  83 102 125 143 151
 188 196 202 198 181 156 128 104  82  68  69  86 115 145 165 172 171 161 142 122 109 109 120 138 159 183 203 208 195 168 139 115  97  91  99 116 131 137 127 105  79  50  28  24  41  71 102 126 148 168 179 175 155 128 104  89  78  74  82 102 130 157 175 182 188 196 202 198 181 156 128 104  82  68  69  86 115 145 165 172 171 161 142 122 109 109 120 138 159 183 203 208 195 168 139 115  97  91  99 116 131 137 127 105  79  50  28  24  41  71 102 126 148 168 179 175 155 128 104  89  78  74  82 102 130 157 175 182
 208 206 198 181 156 128 103  84  69  65  78 105 138 167 182 183 177 162 138 115 101  99 109 125 142 161 173 174 161 140 119 103  93  94 107 125 137 137 123 100  75  51  38  42  63  92 117 133 145 153 153 143 125 105  90  83  80  87 106 135 166 191 205 208 208 206 198 181 156 128 103  84  69  65  78 105 138 167 182 183 177 162 138 115 101  99 109 125 142 161 173 174 161 140 119 103  93  94 107 125 137 137 123 100  75  51  38  42  63  92 117 133 145 153 153 143 125 105  90  83  80  87 106 135 166 191 205 208
 210 198 178 152 123  98  80  68  62  69  92 125 158 180 187 180 167 146 119  96  83  83  93 106 119 130 135 132 121 107  97  93  93 104 124 142 150 144 126 101  77  59  55  68  92 118 135 140 139 133 121 107  93  86  84  88  95 113 140 172 198 215 219 216 210 198 178 152 123  98  80  68  62  69  92 125 158 180 187 180 167 146 119  96  83  83  93 106 119 130 135 132 121 107  97  93  93 104 124 142 150 144 126 101  77  59  55  68  92 118 135 140 139 133 121 107  93  86  84  88  95 113 140 172 198 215 219 216
 191 172 146 118  94  77  69  65  66  82 111 145 172 184 180 164 145 119  92  73  65  70  80  91 100 104 102  95  87  82  83  89 100 121 146 165 169 157 134 108  84  71  76  94 120 142 150 143 131 111  89  72  67  73  86 101 118 144 175 202 218 220 214 203 191 172 146 118  94  77  69  65  66  82 111 145 172 184 180 164 145 119  92  73  65  70  80  91 100 104 102  95  87  82  83  89 100 121 146 165 169 157 134 108  84  71  76  94 120 142 150 143 131 111  89  72  67  73  86 101 118 144 175 202 218 220 214 203
 160 138 113  91  77  72  73  77  84 104 134 163 180 180 166 144 120  92  68  55  55  66  79  88  94  93  85  75  69  71  80  95 114 141 171 189 189 170 143 116  93  83  92 114 140 156 156 141 119  91  62  46  49  67  92 116 140 170 200 219 221 210 192 176 160 138 113  91  77  72  73  77  84 104 134 163 180 180 166 144 120  92  68  55  55  66  79  88  94  93  85  75  69  71  80  95 114 141 171 189 189 170 143 116  93  83  92 114 140 156 156 141 119  91  62  46  49  67  92 116 140 170 200 219 221 210 192 176
 129 108  89  77  76  82  91  99 108 129 156 178 185 176 155 129 102  76  56  50  59  76  92 100 105 100  89  77  71  75  89 108 130 161 191 207 203 180 150 122  99  90 100 122 145 158 154 134 108  75  45  31  39  64  96 124 151 183 209 220 212 190 166 147 129 108  89  77  76  82  91  99 108 129 156 178 185 176 155 129 102  76  56  50  59  76  92 100 105 100  89  77  71  75  89 108 130 161 191 207 203 180 150 122  99  90 100 122 145 158 154 134 108  75  45  31  39  64  96 124 151 183 209 220 212 190 166 147
 107  89  78  77  86 101 115 124 134 152 175 190 191 175 151 124  97  73  58  59  74  97 115 124 128 122 109  95  88  91 104 124 147 177 205 218 210 184 152 124 101  92 100 120 141 151 145 124  97  64  35  23  33  62  95 124 152 182 204 210 197 171 144 124 107  89  78  77  86 101 115 124 134 152 175 190 191 175 151 124  97  73  58  59  74  97 115 124 128 122 109  95  88  91 104 124 147 177 205 218 210 184 152 124 101  92 100 120 141 151 145 124  97  64  35  23  33  62  95 124 152 182 204 210 197 171 144 124
  85  72  68  77  97 120 138 147 157 173 192 201 196 176 149 122  96  74  65  72  94 121 142 150 153 147 131 115 106 108 121 141 164 193 218 228 216 189 156 127 104  93  98 114 131 139 132 111  85  53  27  18  31  60  94 122 148 176 194 196 178 149 121 101  85  72  68  77  97 120 138 147 157 173 192 201 196 176 149 122  96  74  65  72  94 121 142 150 153 147 131 115 106 108 121 141 164 193 218 228 216 189 156 127 104  93  98 114 131 139 132 111  85  53  27  18  31  60  94 122 148 176 194 196 178 149 121 101
  58  49  53  70  97 127 148 160 170 186 203 209 199 176 147 119  94  76  74  89 118 149 170 177 177 166 148 129 119 121 135 155 179 207 232 240 227 199 166 138 115 101  99 105 114 117 108  90  67  42  24  21  38  67  98 121 142 162 173 167 145 116  89  71  58  49  53  70  97 127 148 160 170 186 203 209 199 176 147 119  94  76  74  89 118 149 170 177 177 166 148 129 119 121 135 155 179 207 232 240 227 199 166 138 115 101  99 105 114 117 108  90  67  42  24  21  38  67  98 121 142 162 173 167 145 116  89  71
  34  30  38  58  88 120 143 157 169 188 205 211 200 176 146 118  93  80  85 108 142 174 192 194 189 173 150 130 120 125 142 163 188 217 242 251 239 211 180 154 131 112 100  94  92  89  81  66  50  36  31  39  59  85 108 122 133 142 141 128 105  79  57  44  34  30  38  58  88 120 143 157 169 188 205 211 200 176 146 118  93  80  85 108 142 174 192 194 189 173 150 130 120 125 142 163 188 217 242 251 239 211 180 154 131 112 100  94  92  89  81  66  50  36  31  39  59  85 108 122 133 142 141 128 105  79  57  44
  27  25  31  49  74 103 126 142 158 180 201 210 201 176 146 118  94  84  94 122 158 188 201 196 184 162 135 114 108 118 138 162 188 218 244 254 245 219 190 166 144 121 100  84  73  66  60  52  45  44  53  70  92 111 122 124 123 117 106  89  69  51  39  32  27  25  31  49  74 103 126 142 158 180 201 210 201 176 146 118  94  84  94 122 158 188 201 196 184 162 135 114 108 118 138 162 188 218 244 254 245 219 190 166 144 121 100  84  73  66  60  52  45  44  53  70  92 111 122 124 123 117 106  89  69  51  39  32
  39  38  39  47  63  84 105 123 142 169 195 207 201 177 147 119  96  88 101 129 163 188 194 182 163 135 105  85  84 101 126 152 179 210 238 249 241 218 191 169 149 124  98  76  63  57  56  54  55  66  86 110 129 138 136 126 113  96  77  60  48  42  40  40  39  38  39  47  63  84 105 123 142 169 195 207 201 177 147 119  96  88 101 129 163 188 194 182 163 135 105  85  84 101 126 152 179 210 238 249 241 218 191 169 149 124  98  76  63  57  56  54  55  66  86 110 129 138 136 126 113  96  77  60  48  42  40  40
  67  65  59  57  61  73  91 110 132 162 191 207 202 179 149 121  98  91 103 129 158 176 176 158 134 102  71  55  59  81 111 139 166 198 225 237 229 207 181 161 142 117  93  73  64  63  68  72  78  97 123 148 162 160 147 126 105  80  59  47  45  52  60  65  67  65  59  57  61  73  91 110 132 162 191 207 202 179 149 121  98  91 103 129 158 176 176 158 134 102  71  55  59  81 111 139 166 198 225 237 229 207 181 161 142 117  93  73  64  63  68  72  78  97 123 148 162 160 147 126 105  80  59  47  45  52  60  65
 100  95  85  74  70  76  91 110 134 165 195 210 205 182 151 123 100  92 102 125 149 162 157 137 110  77  47  32  41  67 100 128 156 187 213 223 213 189 164 144 126 105  86  74  73  81  90  98 107 128 154 175 182 173 151 126 100  74  54  49  57  73  88  96 100  95  85  74  70  76  91 110 134 165 195 210 205 182 151 123 100  92 102 125 149 162 157 137 110  77  47  32  41  67 100 128 156 187 213 223 213 189 164 144 126 105  86  74  73  81  90  98 107 128 154 175 182 173 151 126 100  74  54  49  57  73  88  96
 128 122 109  95  88  91 104 124 147 177 205 218 210 184 152 124 101  92 100 120 141 151 145 124  97  64  35  23  33  62  95 124 152 182 204 210 197 171 144 124 107  89  78  77  86 101 115 124 134 152 175 190 191 175 151 124  97  73  58  59  74  97 115 124 128 122 109  95  88  91 104 124 147 177 205 218 210 184 152 124 101  92 100 120 141 151 145 124  97  64  35  23  33  62  95 124 152 182 204 210 197 171 144 124 107  89  78  77  86 101 115 124 134 152 175 190 191 175 151 124  97  73  58  59  74  97 115 124
 153 146 130 114 104 106 118 137 160 188 213 222 211 183 151 123 100  91  98 116 134 142 135 114  87  55  28  18  31  61  95 123 149 177 195 197 180 151 123 104  88  76  73  83 102 125 143 151 160 176 192 200 193 172 146 119  93  72  64  71  93 120 141 150 153 146 130 114 104 106 118 137 160 188 213 222 211 183 151 123 100  91  98 116 134 142 135 114  87  55  28  18  31  61  95 123 149 177 195 197 180 151 123 104  88  76  73  83 102 125 143 151 160 176 192 200 193 172 146 119  93  72  64  71  93 120 141 150
 171 161 142 122 109 109 120 138 159 183 203 208 195 168 139 115  97  91  99 116 131 137 127 105  79  50  28  24  41  71 102 126 148 168 179 175 155 128 104  89  78  74  82 102 130 157 175 182 188 196 202 198 181 156 128 104  82  68  69  86 115 145 165 172 171 161 142 122 109 109 120 138 159 183 203 208 195 168 139 115  97  91  99 116 131 137 127 105  79  50  28  24  41  71 102 126 148 168 179 175 155 128 104  89  78  74  82 102 130 157 175 182 188 196 202 198 181 156 128 104  82  68  69  86 115 145 165 172
 177 162 138 115 101  99 109 125 142 161 173 174 161 140 119 103  93  94 107 125 137 137 123 100  75  51  38  42  63  92 117 133 145 153 153 143 125 105  90  83  80  87 106 135 166 191 205 208 208 206 198 181 156 128 103  84  69  65  78 105 138 167 182 183 177 162 138 115 101  99 109 125 142 161 173 174 161 140 119 103  93  94 107 125 137 137 123 100  75  51  38  42  63  92 117 133 145 153 153 143 125 105  90  83  80  87 106 135 166 191 205 208 208 206 198 181 156 128 103  84  69  65  78 105 138 167 182 183
 167 146 119  96  83  83  93 106 119 130 135 132 121 107  97  93  93 104 124 142 150 144 126 101  77  59  55  68  92 118 135 140 139 133 121 107  93  86  84  88  95 113 140 172 198 215 219 216 210 198 178 152 123  98  80  68  62  69  92 125 158 180 187 180 167 146 119  96  83  83  93 106 119 130 135 132 121 107  97  93  93 104 124 142 150 144 126 101  77  59  55  68  92 118 135 140 139 133 121 107  93  86  84  88  95 113 140 172 198 215 219 216 210 198 178 152 123  98  80  68  62  69  92 125 158 180 187 180
 145 119  92  73  65  70  80  91 100 104 102  95  87  82  83  89 100 121 146 165 169 157 134 108  84  71  76  94 120 142 150 143 131 111  89  72  67  73  86 101 118 144 175 202 218 220 214 203 191 172 146 118  94  77  69  65  66  82 111 145 172 184 180 164 145 119  92  73  65  70  80  91 100 104 102  95  87  82  83  89 100 121 146 165 169 157 134 108  84  71  76  94 120 142 150 143 131 111  89  72  67  73  86 101 118 144 175 202 218 220 214 203 191 172 146 118  94  77  69  65  66  82 111 145 172 184 180 164
 120  92  68  55  55  66  79  88  94  93  85  75  69  71  80  95 114 141 171 189 189 170 143 116  93  83  92 114 140 156 156 141 119  91  62  46  49  67  92 116 140 170 200 219 221 210 192 176 160 138 113  91  77  72  73  77  84 104 134 163 180 180 166 144 120  92  68  55  55  66  79  88  94  93  85  75  69  71  80  95 114 141 171 189 189 170 143 116  93  83  92 114 140 156 156 141 119  91  62  46  49  67  92 116 140 170 200 219 221 210 192 176 160 138 113  91  77  72  73  77  84 104 134 163 180 180 166 144
 102  76  56  50  59  76  92 100 105 100  89  77  71  75  89 108 130 161 191 207 203 180 150 122  99  90 100 122 145 158 154 134 108  75  45  31  39  64  96 124 151 183 209 220 212 190 166 147 129 108  89  77  76  82  91  99 108 129 156 178 185 176 155 129 102  76  56  50  59  76  92 100 105 100  89  77  71  75  89 108 130 161 191 207 203 180 150 122  99  90 100 122 145 158 154 134 108  75  45  31  39  64  96 124 151 183 209 220 212 190 166 147 129 108  89  77  76  82  91  99 108 129 156 178 185 176 155 129
  97  73  58  59  74  97 115 124 128 122 109  95  88  91 104 124 147 177 205 218 210 184 152 124 101  92 100 120 141 151 145 124  97  64  35  23  33  62  95 124 152 182 204 210 197 171 144 124 107  89  78  77  86 101 115 124 134 152 175 190 191 175 151 124  97  73  58  59  74  97 115 124 128 122 109  95  88  91 104 124 147 177 205 218 210 184 152 124 101  92 100 120 141 151 145 124  97  64  35  23  33  62  95 124 152 182 204 210 197 171 144 124 107  89  78  77  86 101 115 124 134 152 175 190 191 175 151 124
