 135 142 150 157 164 170 175 180 184 186 188 188 188 186 183 179 175 170 164 158 151 145 139 134 129 125 121 119 117 117 117 117 118 118 119 119 119 119 118 118 117 117 116 115 114 114 114 113 113 113 113 114 115 116 117 118 120 121 123 125 127 129 131 133 135 136 137 137 136 134 131 127 122 117 111 105  99  93  87  82  77  74  71  69  69  70  71  74  78  83  88  95 102 109 117 125
 137 144 152 159 165 171 176 181 184 186 187 187 186 184 181 176 171 166 159 153 146 139 133 127 122 118 114 112 110 110 110 110 111 111 111 112 112 112 112 112 112 112 112 112 112 112 113 113 114 115 116 118 119 121 122 124 126 128 130 132 134 137 139 141 142 144 145 145 143 141 138 134 129 123 117 110 104  97  91  86  81  77  74  71  71  71  72  75  78  83  88  95 101 109 116 124
 139 146 153 160 166 172 177 181 184 186 187 186 185 182 178 174 168 162 155 148 141 134 127 121 116 111 108 105 104 103 103 103 104 104 105 105 106 106 106 107 107 108 109 109 110 111 113 114 116 118 120 122 124 126 128 131 133 136 138 140 142 144 146 148 150 152 152 152 151 148 145 140 135 129 123 116 109 102  96  90  84  80  76  74  73  73  74  76  79  84  89  95 102 109 117 124
 140 148 155 161 168 173 178 181 184 186 186 185 183 180 176 171 165 158 151 144 137 129 123 116 111 106 102 100  98  97  97  98  98  99  99 100 100 101 102 103 104 105 106 108 109 111 113 116 118 121 123 126 129 132 135 138 140 143 145 148 150 152 154 156 158 159 159 159 158 155 152 147 141 135 128 121 114 107 100  94  88  84  80  77  76  75  76  78  81  85  91  96 103 110 118 125
 142 149 156 162 168 174 178 181 184 185 185 184 181 178 173 168 162 155 148 140 133 125 119 112 106 102  98  95  94  93  93  93  94  94  95  95  96  97  98  99 101 103 105 107 109 112 115 118 121 125 128 131 135 138 141 145 148 150 153 155 158 160 161 163 165 166 166 166 164 162 158 153 147 141 134 127 120 112 105  99  93  88  84  81  79  79  79  81  84  88  93  99 105 112 119 127
 144 151 157 163 169 174 178 181 183 184 183 182 179 176 171 165 159 152 145 137 130 122 115 109 103  99  95  92  91  90  90  90  90  91  91  92  93  94  96  97  99 102 104 107 110 114 117 121 125 129 133 137 141 145 148 152 155 158 161 163 165 167 169 170 172 173 173 172 171 168 164 159 153 147 140 132 125 118 110 104  98  93  89  86  84  83  84  85  88  92  96 102 108 115 122 129
 145 152 158 164 169 173 177 180 181 182 181 180 177 173 168 163 157 150 142 135 127 120 113 107 102  97  93  91  89  88  88  88  89  89  90  90  92  93  95  97  99 102 105 109 112 116 121 125 129 134 139 143 147 151 155 159 162 165 168 170 172 174 175 177 178 179 179 178 176 173 169 164 158 152 145 137 130 123 116 109 103  98  94  91  89  88  89  90  93  96 101 106 112 118 125 132
 147 152 158 163 168 172 175 178 179 180 179 177 174 171 166 160 154 147 140 133 126 119 112 106 101  96  93  90  89  88  88  88  88  89  89  90  91  93  95  97 100 103 107 111 115 120 125 129 135 140 145 149 154 158 163 166 170 173 175 177 179 180 181 182 183 184 184 183 181 178 174 169 163 156 149 142 135 128 121 115 109 104 100  97  95  94  95  96  98 102 106 111 117 123 129 136
 148 153 158 163 167 171 174 176 177 177 176 174 171 168 163 158 152 146 139 132 125 118 112 106 101  97  94  91  90  89  89  89  89  89  90  91  92  94  96  99 102 106 110 114 119 124 129 135 140 146 151 156 161 165 170 173 177 179 182 184 185 186 187 188 188 188 188 187 184 181 177 172 166 160 153 147 140 133 126 120 115 110 106 103 102 101 101 103 105 108 112 117 122 128 133 140
 148 153 158 162 165 169 171 173 174 174 173 171 168 165 160 155 150 144 138 131 125 119 113 108 103  99  96  94  92  91  91  91  91  92  92  93  94  96  99 102 105 109 114 118 124 129 135 140 146 152 157 163 168 172 176 180 183 186 188 189 190 191 192 192 192 192 191 189 187 184 180 175 169 163 157 150 144 137 131 125 120 116 113 110 109 108 108 110 112 115 119 123 128 133 138 144
 149 153 157 160 163 166 168 169 170 170 169 167 164 161 157 153 148 142 137 131 125 120 115 110 106 102  99  97  96  95  95  95  95  95  95  96  98 100 102 106 109 114 118 123 129 135 141 147 152 158 164 169 174 179 183 186 189 191 193 194 195 195 195 195 195 194 193 191 189 185 181 176 171 165 159 153 147 141 135 130 126 122 119 117 116 115 116 117 119 122 126 129 134 139 143 148
 149 152 155 158 161 163 164 165 166 165 164 163 160 158 154 150 146 141 136 131 126 122 117 113 109 106 104 102 100 100  99  99  99  99 100 101 102 104 107 110 114 119 124 129 135 141 147 153 159 165 170 176 180 185 189 192 194 196 197 198 198 198 198 197 196 195 194 192 189 185 181 177 172 166 161 155 150 144 139 135 131 128 125 124 123 123 123 125 127 130 133 136 140 144 149 153
 149 151 153 156 157 159 160 161 161 160 160 158 156 154 151 148 144 140 136 132 128 124 120 117 114 111 109 107 106 105 105 104 104 104 105 106 107 109 112 116 120 124 129 135 141 147 153 159 165 171 177 182 186 190 194 197 199 200 201 201 201 200 199 198 197 195 193 191 188 185 181 176 171 166 161 156 151 147 143 139 136 133 131 130 130 130 131 132 135 137 140 143 147 150 154 157
 148 150 151 153 154 155 155 156 156 155 154 153 152 150 147 145 142 139 136 133 130 126 124 121 118 116 115 113 112 111 111 111 110 110 110 111 113 115 118 121 126 130 136 141 147 153 160 166 172 177 183 187 192 195 198 201 202 203 204 203 202 201 200 198 196 194 192 189 186 182 178 174 170 165 161 156 152 149 145 142 140 138 137 136 137 137 138 140 142 144 147 150 153 156 159 162
 147 148 148 149 150 150 150 150 150 149 149 148 147 145 144 142 140 138 136 134 131 129 127 125 124 122 121 120 119 118 118 117 117 116 117 118 119 121 124 128 132 137 142 148 154 160 166 172 177 183 188 192 196 200 202 204 205 205 205 204 203 201 199 197 194 192 189 186 183 179 175 171 167 163 159 156 152 149 147 145 143 142 142 142 143 144 145 147 149 151 154 156 159 161 163 165
 146 146 145 145 145 145 145 144 144 143 143 142 141 141 140 139 138 137 136 135 133 132 131 130 129 128 127 127 126 125 124 124 123 123 123 124 125 127 130 134 138 143 148 154 160 166 172 177 183 188 193 197 200 203 205 206 207 207 206 204 202 200 197 194 191 188 185 182 178 175 171 167 164 160 157 154 152 149 148 147 146 146 146 147 148 150 152 154 156 158 160 162 164 166 167 169
 144 143 142 141 140 140 139 138 138 137 137 136 136 136 136 136 136 136 136 135 135 135 135 135 135 134 134 133 133 132 131 131 130 130 130 130 132 134 137 140 144 149 154 160 166 171 177 183 188 193 197 201 203 206 207 208 208 207 205 203 201 198 194 191 187 184 180 176 173 169 166 162 159 156 154 151 150 149 148 148 148 149 150 152 153 155 158 160 162 164 166 167 169 170 170 171
 142 140 139 137 135 134 133 132 131 131 130 130 131 131 132 132 133 134 135 136 137 138 139 139 140 140 140 140 139 139 138 137 136 136 136 136 138 140 143 146 150 155 160 166 171 177 182 187 192 197 200 203 206 207 208 208 208 206 204 201 198 194 191 186 182 178 174 170 166 163 159 156 153 151 149 148 147 147 147 148 149 151 153 155 158 160 163 165 167 169 171 172 173 173 173 173
 140 137 135 132 130 128 127 126 125 124 124 124 125 126 127 129 131 133 135 137 139 140 142 144 145 146 146 146 146 145 144 143 142 142 142 142 143 145 148 152 156 160 165 171 176 181 186 191 196 200 203 206 207 208 209 208 207 205 202 199 195 190 186 181 177 172 168 164 160 156 153 150 147 146 144 144 144 144 146 147 150 152 155 158 161 164 167 169 171 173 175 175 176 175 175 174
 138 134 131 128 125 123 121 119 118 118 118 118 119 121 123 125 128 131 134 137 140 142 145 147 149 150 151 152 151 151 150 149 148 147 147 147 148 150 153 156 160 165 170 175 180 185 190 194 199 202 205 207 208 209 208 207 205 202 199 195 191 186 181 176 171 166 161 156 152 148 145 143 141 139 139 139 140 141 143 146 149 152 156 160 163 167 170 173 175 177 178 178 178 177 176 174
 136 131 127 124 120 117 115 113 112 111 112 112 114 116 119 122 125 129 133 136 140 144 147 150 153 154 156 156 156 156 155 154 152 152 151 152 153 154 157 160 164 169 173 178 183 188 193 197 200 204 206 207 208 208 207 205 203 199 196 191 186 181 175 170 164 159 153 149 144 141 138 135 134 133 133 134 135 138 141 144 148 152 156 160 165 168 172 175 177 179 180 180 179 178 176 174
 133 128 124 119 115 112 109 107 106 105 106 107 108 111 114 118 122 126 131 136 140 145 149 152 155 157 159 160 160 160 159 157 156 155 155 155 156 158 160 163 167 172 176 181 186 190 194 198 202 204 206 207 208 207 205 203 200 196 192 187 181 176 170 164 157 152 146 141 137 133 130 128 126 126 127 128 130 133 137 141 146 151 155 160 165 169 173 176 178 180 181 180 179 177 175 172
 131 125 120 115 111 107 104 101 100  99 100 101 103 106 110 114 118 124 129 134 140 145 149 153 157 159 161 162 163 162 161 160 158 157 157 157 158 160 162 165 169 173 178 182 187 191 195 199 202 204 206 206 206 205 203 200 197 193 188 182 176 170 164 157 151 145 139 133 129 125 122 120 119 119 120 122 125 129 133 138 143 149 154 159 164 169 173 176 178 180 180 180 178 176 173 170
 129 122 117 111 106 102  99  96  95  94  94  96  98 101 105 110 115 121 126 132 138 144 149 153 157 160 162 164 164 163 162 161 160 158 158 158 159 161 163 166 170 174 178 183 187 191 195 199 201 203 205 205 204 203 201 197 193 189 183 178 171 165 158 151 144 138 132 126 122 118 115 113 112 113 114 117 120 124 129 134 140 146 152 158 163 168 172 175 178 179 179 178 177 174 171 167
 126 120 114 108 102  98  94  92  90  89  89  91  93  96 101 106 111 117 123 130 136 142 148 152 157 160 162 163 164 163 162 161 159 158 157 158 158 160 163 166 169 173 178 182 187 191 194 198 200 202 203 203 202 201 198 194 190 185 179 173 167 160 153 146 138 132 125 120 115 111 108 107 106 107 108 111 115 119 125 130 136 143 149 155 161 166 170 173 176 177 177 176 174 171 167 163
 124 117 111 105  99  94  90  87  85  85  85  86  89  92  96 101 107 113 120 127 133 139 145 150 155 158 161 162 162 162 161 159 158 156 156 156 157 158 161 164 168 172 176 180 185 189 193 196 198 200 201 201 200 198 195 191 187 181 175 169 162 155 148 140 133 126 120 114 109 105 102 101 100 101 103 106 110 115 120 126 133 139 146 152 158 163 167 171 173 174 174 173 171 167 163 159
 123 115 108 102  96  91  87  84  82  81  81  82  84  88  92  97 103 109 116 123 129 136 142 147 152 155 158 159 160 159 158 156 155 153 153 153 154 155 158 161 165 169 173 178 182 186 190 193 196 197 198 198 197 195 192 188 184 178 172 165 158 151 144 136 129 121 115 109 104 100  97  95  95  96  98 101 105 110 116 122 129 135 142 148 154 159 164 167 169 170 170 169 166 163 159 154
 121 114 107 100  94  88  84  81  78  77  77  78  80  84  88  93  99 105 112 118 125 132 138 143 147 151 153 155 155 155 154 152 150 149 148 148 149 151 154 157 161 165 170 174 179 183 187 190 193 195 195 195 194 192 189 185 181 175 169 162 155 148 140 133 125 118 111 105 100  96  93  91  91  92  94  97 101 106 112 118 125 131 138 144 150 155 160 163 165 166 166 164 162 158 154 149
 120 112 105  98  92  86  82  78  76  74  74  75  77  80  84  89  94 100 107 114 120 126 132 138 142 146 148 150 150 149 148 147 145 144 143 143 144 146 148 152 156 160 165 170 175 179 183 187 189 191 192 193 192 190 187 183 178 173 167 160 153 145 137 130 122 115 108 102  96  92  89  88  87  88  90  93  97 102 108 114 120 127 134 140 146 151 155 158 160 161 161 159 156 153 148 143
 119 111 104  97  90  85  80  76  73  72  71  72  73  76  80  84  90  96 102 108 115 121 127 132 136 139 142 143 144 143 142 140 138 137 136 137 138 140 142 146 150 155 160 165 170 174 179 183 186 188 189 190 189 187 184 181 176 171 165 158 151 143 135 128 120 112 105  99  94  90  87  85  84  85  87  90  94  99 104 110 116 123 129 135 141 146 150 153 155 156 155 153 151 147 142 137
 118 110 103  96  89  84  79  74  71  69  69  69  70  73  76  80  85  91  97 103 109 115 120 125 129 132 135 136 136 136 135 133 131 130 129 129 131 133 136 139 144 149 154 159 164 170 174 178 182 184 186 187 186 185 182 179 174 169 163 156 149 142 134 126 118 111 104  98  92  88  85  83  82  83  85  87  91  95 101 106 113 119 125 131 136 141 145 148 149 150 149 148 145 141 136 131
 117 110 102  95  88  82  77  73  70  67  66  66  67  69  72  76  81  86  91  97 103 108 113 118 122 125 127 129 129 128 127 125 124 122 122 122 123 125 128 132 137 142 148 153 159 164 170 174 178 181 183 184 184 183 180 177 173 168 162 155 148 141 133 125 117 110 103  97  91  87  84  82  81  81  82  85  88  92  97 103 109 115 120 126 131 136 139 142 144 144 143 142 139 135 130 125
 117 109 101  94  88  81  76  72  68  66  64  64  64  66  68  72  76  81  86  91  97 102 107 111 115 118 120 121 121 120 119 117 116 115 114 114 116 118 121 125 130 136 141 147 153 159 165 170 174 177 180 181 181 180 179 175 171 166 161 154 147 140 132 124 116 109 102  96  90  86  82  80  79  79  80  82  86  90  94  99 105 110 116 121 126 130 134 136 138 138 137 136 133 129 124 119
 116 108 101  94  87  81  75  70  67  64  62  61  61  63  65  68  71  76  80  85  90  95 100 104 107 110 112 113 113 112 111 109 108 106 106 106 108 110 113 118 123 129 135 141 148 154 160 165 170 173 176 178 179 178 176 174 170 165 159 153 146 139 131 123 115 108 101  94  89  84  81  78  77  77  78  80  83  86  91  96 101 106 111 116 121 125 128 131 132 132 132 130 127 123 118 113
 116 108 100  93  86  80  75  70  66  62  60  59  59  60  61  64  67  71  75  79  84  88  92  96  99 102 104 104 104 104 102 101  99  98  97  98  99 102 105 110 115 121 128 134 141 148 154 160 165 169 172 175 175 175 174 171 168 163 158 151 145 137 129 122 114 106  99  93  87  82  79  76  75  74  75  77  79  83  87  92  96 101 107 111 116 120 123 125 126 126 126 124 121 117 112 107
 115 108 100  93  86  80  74  69  65  62  59  58  57  57  58  60  63  66  70  73  77  81  85  88  91  93  95  95  95  95  93  92  90  89  88  89  90  93  97 101 107 113 120 127 134 142 148 154 160 165 168 171 172 172 171 169 165 161 156 150 143 135 128 120 112 105  97  91  85  80  77  74  72  72  72  74  76  79  83  87  92  97 101 106 110 114 117 119 120 121 120 118 115 111 107 102
 115 108 101  93  87  80  75  70  65  61  59  57  55  55  56  57  59  61  64  68  71  74  77  80  83  84  86  86  86  85  84  82  80  79  78  79  81  83  87  92  98 105 112 120 127 135 142 148 154 159 163 166 168 169 168 166 163 159 153 147 141 133 126 118 110 103  95  89  83  78  74  71  69  68  69  70  72  75  78  82  87  91  96 100 104 108 111 113 114 115 114 112 109 106 102  97
 115 108 101  94  88  81  76  70  66  62  59  56  55  54  54  54  56  57  59  62  65  67  70  72  74  75  76  76  76  75  73  72  70  69  68  69  71  74  78  83  89  96 104 111 119 127 135 142 148 154 158 162 164 165 164 163 160 156 151 145 138 131 123 116 108 100  93  86  81  75  71  68  66  65  65  66  67  70  73  77  81  86  90  94  98 102 105 107 109 109 108 107 104 101  97  92
 115 109 102  95  89  83  77  72  67  63  60  57  55  53  53  52  53  54  55  57  59  61  62  64  65  66  67  67  66  65  63  61  60  59  58  59  61  64  68  73  80  87  95 103 111 120 128 135 142 148 153 157 159 161 161 159 157 153 148 142 136 128 121 113 105  98  91  84  78  73  68  65  62  61  61  61  63  65  68  71  75  80  84  88  92  96  99 101 103 103 103 102  99  96  93  89
 116 110 103  97  91  85  80  74  70  65  62  58  56  54  52  51  51  51  52  52  53  54  55  56  57  57  57  57  56  55  53  51  50  48  48  49  51  54  58  64  70  78  86  95 103 112 121 129 136 142 148 152 155 156 157 156 153 150 145 139 133 126 118 110 103  95  88  81  75  69  65  61  58  57  56  56  57  59  62  65  69  73  78  82  86  90  93  95  97  98  98  97  95  92  89  85
 116 111 105  99  94  88  83  78  73  68  64  61  58  55  53  51  50  49  49  49  49  49  49  49  49  49  48  48  46  45  43  42  40  39  38  39  41  44  49  54  61  69  77  86  95 105 113 122 129 136 142 147 150 152 153 152 150 146 142 136 130 123 115 107 100  92  85  78  72  66  61  57  54  52  51  51  52  54  56  59  63  67  71  75  80  83  87  90  92  93  93  93  91  89  86  83
 117 112 107 102  97  92  87  82  77  72  68  64  61  57  55  52  50  48  47  46  45  44  43  43  42  41  40  39  38  36  34  32  31  29  29  30  32  35  40  46  53  61  69  78  88  97 107 115 123 131 137 142 145 148 148 148 146 143 139 133 127 120 112 105  97  89  82  75  69  63  58  54  50  48  47  46  47  48  50  53  57  61  65  69  73  77  81  84  87  88  89  89  88  86  84  81
 118 114 109 105 100  96  91  86  82  77  73  69  65  61  57  54  51  49  46  44  42  41  39  37  36  34  33  31  30  28  26  24  22  21  21  21  23  27  31  38  45  53  62  71  81  91 100 109 118 125 132 137 141 143 145 144 143 140 135 130 124 117 110 102  94  87  79  72  66  60  54  50  46  43  42  41  41  42  44  47  50  54  58  63  67  72  76  79  82  84  86  86  86  85  83  81
 119 116 112 108 104 100  96  92  87  83  78  74  70  65  61  57  54  50  47  44  41  38  36  33  31  29  27  25  23  21  19  17  15  14  13  14  16  20  24  30  38  46  55  65  75  85  94 104 112 120 127 133 137 140 141 141 139 137 132 127 121 114 107  99  92  84  77  69  63  56  51  46  42  39  37  36  36  36  38  41  44  48  52  57  62  66  71  75  78  81  83  84  84  83  82  81
 121 118 115 112 109 105 101  98  93  89  85  80  76  71  66  62  57  53  49  45  41  37  34  31  28  25  22  20  18  15  13  11   9   8   7   8  10  14  18  25  32  40  50  59  69  80  90  99 108 116 123 129 133 136 138 138 137 134 130 125 119 112 105  97  89  82  74  67  60  54  48  43  38  35  32  31  30  31  32  35  38  42  46  51  56  61  66  70  74  78  80  82  83  83  82  82
 122 120 118 116 113 111 107 104 100  96  92  87  83  78  73  67  62  57  52  47  42  38  33  29  26  22  19  16  14  11   9   7   5   4   3   4   6   9  14  20  28  36  45  55  65  76  86  95 104 113 120 126 130 133 135 135 134 131 128 123 116 110 102  95  87  80  72  65  58  51  45  39  35  31  28  26  25  26  27  29  32  36  41  46  51  56  62  67  71  75  78  81  82  83  83  83
 124 123 121 120 118 116 114 111 108 104 100  95  90  85  80  74  68  62  57  51  45  40  35  30  25  21  18  14  11   9   7   5   3   1   0   1   3   6  11  17  25  33  42  52  62  73  83  93 102 110 117 123 128 131 133 133 132 129 126 121 115 108 101  93  86  78  70  63  56  49  42  37  32  27  24  22  21  21  22  24  27  31  36  41  46  52  58  63  68  73  77  80  82  84  85  86
 125 125 125 124 123 122 120 118 115 112 108 104  99  94  88  82  75  69  63  56  50  43  37  32  27  22  18  14  11   8   6   4   2   0   0   0   2   5  10  16  23  32  41  51  61  71  81  91 100 108 115 121 126 129 131 132 131 128 124 119 113 107 100  92  84  77  69  62  54  47  40  34  29  24  21  18  17  16  17  19  22  26  31  36  42  48  55  61  66  72  76  80  83  86  87  89
 127 127 128 128 128 128 127 125 123 120 117 113 108 103  97  90  84  77  70  62  55  48  42  35  30  24  20  16  12   9   7   5   3   1   0   1   3   6  11  16  24  32  41  51  61  71  81  90  99 108 115 121 125 129 130 131 130 127 123 118 113 106  99  91  84  76  69  61  53  46  39  32  27  22  18  15  13  12  13  15  18  22  27  32  39  45  52  59  65  71  76  81  85  88  90  92
 128 130 131 133 133 134 134 133 131 129 126 122 117 112 106 100  93  85  78  70  62  55  47  41  34  29  23  19  15  12  10   7   5   4   3   3   5   8  13  18  26  34  42  52  62  72  82  91 100 108 115 121 125 128 130 130 129 127 123 118 112 106  99  91  84  76  68  61  53  45  38  31  25  20  15  12  10   9  10  11  14  18  23  29  36  43  50  57  64  70  76  82  86  90  93  96
 130 132 135 137 138 140 140 140 139 137 135 131 127 122 116 109 102  95  87  79  70  62  54  47  40  34  29  24  20  17  14  12  10   8   7   7   9  12  16  22  29  37  45  55  64  74  84  93 101 109 116 122 126 129 131 131 130 127 123 118 113 106  99  91  84  76  69  61  53  45  37  30  24  18  13  10   7   6   7   8  11  15  20  26  33  40  48  56  63  70  77  83  88  93  97 101
 131 134 138 141 143 145 147 147 147 146 144 141 137 132 126 120 112 105  96  88  79  71  63  55  48  41  35  30  26  23  20  18  16  14  13  13  15  17  22  27  34  41  50  59  68  77  87  95 104 111 118 123 127 130 132 132 131 128 124 119 113 107 100  92  85  77  69  61  53  45  37  30  23  17  12   8   5   4   4   6   8  12  18  24  31  39  47  55  63  71  78  85  91  96 101 105
 132 136 140 144 148 150 153 154 155 154 153 150 147 142 137 130 123 115 107  98  89  80  72  64  56  49  43  38  34  30  28  25  23  21  20  20  21  24  28  33  40  47  55  64  73  82  91  99 107 114 121 126 130 132 134 133 132 129 125 120 115 108 101  94  86  79  71  63  54  46  38  30  23  17  11   7   4   2   2   4   6  10  16  22  29  37  46  55  63  72  79  87  93  99 105 109
 133 138 143 147 152 155 158 160 162 162 161 159 156 152 147 141 133 126 117 108  99  90  82  73  65  58  52  47  42  39  36  33  31  29  28  28  29  32  36  41  47  54  61  70  78  87  96 104 111 118 124 129 132 135 136 136 134 131 127 122 116 110 103  95  88  80  72  64  56  47  39  31  23  17  11   6   3   1   1   2   5   9  14  21  28  37  45  54  63  72  81  89  96 102 108 114
 134 140 145 150 155 160 163 166 168 169 169 168 165 161 157 151 144 136 128 119 110 101  92  83  75  68  62  56  52  48  45  43  40  38  37  37  38  41  44  49  55  61  69  77  85  93 101 109 116 123 128 133 136 138 139 138 136 134 129 124 118 112 105  98  90  83  75  66  58  49  41  32  24  17  11   6   3   1   0   1   4   8  13  20  27  36  45  54  64  73  82  90  98 105 112 118
 135 141 147 153 158 163 168 172 174 176 176 176 174 170 166 160 154 146 138 130 120 111 102  94  86  78  72  66  62  58  55  52  50  48  47  47  48  50  53  58  63  69  76  84  92 100 107 115 121 127 133 137 140 141 142 141 139 136 132 127 121 114 107 100  93  85  77  69  60  51  42  34  26  18  12   7   3   1   0   1   3   7  12  19  27  36  45  55  64  74  83  92 100 108 115 121
 135 142 148 155 161 167 172 176 179 182 183 183 181 179 175 169 163 156 148 140 131 122 113 104  96  89  82  77  72  68  65  63  60  58  57  57  57  59  63  67  72  78  85  92  99 107 114 121 127 133 138 141 144 145 146 145 143 139 135 130 124 117 110 103  96  88  80  71  63  54  45  36  28  20  13   8   4   1   0   1   3   7  12  19  27  35  45  55  65  75  84  94 102 110 117 124
 135 142 149 156 163 169 175 180 184 187 188 189 188 186 182 178 172 165 158 149 141 132 123 114 106  99  93  87  82  78  75  73  70  68  67  67  67  69  72  76  81  87  93 100 107 114 121 127 133 138 143 146 148 149 149 148 146 143 138 133 127 120 113 106  99  91  83  74  65  56  47  38  30  22  15   9   5   2   0   1   3   7  12  19  26  35  45  55  65  75  85  95 103 111 119 126
 135 143 150 158 165 171 177 183 187 191 193 194 194 192 189 185 180 173 166 158 150 141 133 124 116 109 103  97  92  88  85  83  80  78  77  76  77  79  81  85  90  95 101 108 114 121 127 133 139 144 148 151 153 154 153 152 150 146 141 136 130 123 116 109 102  94  86  77  68  59  50  41  32  24  16  10   6   3   1   1   3   7  12  18  26  35  45  55  65  76  86  95 104 113 120 128
 135 143 151 158 166 173 179 185 190 194 197 198 199 198 195 192 187 181 174 166 158 150 142 133 126 118 112 106 102  98  95  92  90  88  86  86  86  88  90  94  98 104 109 115 122 128 134 140 145 149 153 156 157 158 157 156 153 149 145 139 133 127 120 112 105  97  89  81  72  62  53  43  34  26  18  12   7   4   2   2   4   7  12  18  26  35  45  55  65  75  86  95 104 113 121 129
 135 143 151 158 166 173 180 187 192 196 200 202 203 202 200 197 193 187 181 174 166 158 150 142 134 127 121 115 111 107 104 101  99  97  95  95  95  97  99 102 107 111 117 123 129 135 140 146 151 155 158 160 162 162 161 160 157 153 148 143 137 130 123 116 108 101  92  84  75  65  55  46  37  28  20  14   9   5   3   3   4   7  12  18  26  35  44  54  65  75  85  95 104 113 121 129
 134 142 150 158 166 174 181 187 193 198 202 204 206 206 204 202 198 193 187 180 173 165 157 150 142 135 129 124 119 116 112 110 107 105 104 103 103 105 107 110 114 119 124 130 135 141 146 152 156 160 163 165 166 166 165 163 160 156 152 146 140 133 126 119 112 104  96  87  78  68  58  49  39  30  23  16  10   6   4   4   5   8  12  18  26  34  44  54  64  74  84  94 103 112 120 128
 134 142 150 158 166 174 181 188 194 199 203 206 208 209 208 205 202 198 192 186 179 172 164 157 150 143 137 132 127 123 120 118 115 113 111 111 111 112 114 118 121 126 131 136 142 147 152 157 161 165 168 170 170 170 169 167 164 160 155 149 143 136 129 122 115 107  99  90  81  71  61  51  42  33  25  18  12   8   5   4   5   8  12  18  25  34  43  53  63  73  83  93 102 111 119 127
 133 141 149 157 166 173 181 188 195 200 205 208 210 211 211 209 206 202 197 191 185 178 171 163 156 150 144 139 135 131 128 125 123 121 119 118 118 120 122 125 128 133 137 143 148 153 158 162 166 170 172 174 175 174 173 171 167 163 158 153 146 140 132 125 118 110 102  93  84  74  64  54  44  35  27  20  14   9   6   5   6   8  12  18  25  33  42  52  62  72  82  91 101 109 117 125
 132 140 149 157 165 173 181 188 195 201 206 209 212 213 213 212 210 206 202 196 190 184 177 170 163 157 151 146 142 138 135 133 130 128 126 126 126 127 129 132 135 139 144 149 154 159 163 168 172 175 177 178 179 178 177 174 171 167 162 156 149 143 136 128 121 113 105  96  87  77  67  57  47  37  29  21  15  11   7   6   6   9  12  18  24  32  41  51  60  70  80  90  99 108 116 124
 131 139 147 156 164 172 180 188 195 201 206 210 213 215 216 215 213 210 206 201 195 189 183 176 170 164 158 153 149 146 143 140 137 135 134 133 133 134 136 139 142 146 151 155 160 165 169 173 177 180 182 183 183 182 181 178 175 170 165 159 153 146 139 132 124 117 109 100  90  80  70  60  49  40  31  23  17  12   9   7   7   9  12  17  24  31  40  49  59  69  79  88  97 106 114 122
 130 138 146 154 162 171 179 187 194 200 206 210 214 216 217 217 215 213 209 205 200 194 188 182 176 170 165 160 156 152 150 147 144 142 141 140 140 141 143 146 149 153 157 162 166 171 175 179 182 185 187 188 188 187 185 182 179 174 169 163 156 150 143 135 128 120 112 103  93  83  73  63  52  42  33  25  19  13  10   8   7   9  12  17  23  31  39  48  58  67  77  87  96 104 112 120
 127 135 143 151 160 168 176 184 192 198 204 209 213 216 217 217 217 215 211 208 203 198 192 186 181 175 170 166 162 159 156 153 151 149 148 147 147 148 150 153 156 160 164 168 173 177 181 185 188 190 192 193 193 191 189 186 183 178 173 167 160 153 146 139 132 124 116 107  97  87  76  66  55  45  36  28  21  15  11   9   8   9  12  16  22  30  38  47  56  66  75  85  94 102 110 118
 124 132 140 148 156 164 173 181 188 195 201 206 211 214 216 216 216 215 212 209 205 200 195 190 185 180 175 171 167 164 162 159 157 155 154 153 154 155 157 159 162 166 170 175 179 183 187 191 194 196 197 198 198 196 194 191 187 182 177 171 164 157 150 143 136 128 120 111 101  91  80  69  58  48  38  30  22  17  12   9   8   9  12  16  21  28  36  45  54  64  73  82  91 100 108 116
 120 127 135 143 151 159 168 176 183 190 197 202 207 210 213 214 214 213 211 209 205 201 197 192 188 183 179 175 172 169 167 164 162 161 160 159 160 161 163 166 169 173 177 181 186 190 194 197 200 202 203 203 203 201 199 196 192 187 181 175 169 162 154 147 140 132 124 115 105  94  84  73  62  51  41  32  24  18  13  10   9   9  11  15  20  27  35  43  52  61  71  80  89  97 105 113
 115 122 130 137 145 153 161 169 177 184 190 196 201 205 208 210 210 210 209 207 204 201 197 193 189 185 182 178 175 173 171 169 167 166 165 164 165 167 169 172 175 179 183 188 192 196 200 203 206 208 209 209 208 207 204 201 196 191 186 179 173 166 159 151 144 136 128 119 109  98  87  76  65  54  44  35  26  20  15  11   9   9  11  14  19  26  33  41  50  59  68  77  86  94 102 110
 110 116 124 131 139 146 154 162 169 176 183 189 194 198 201 204 205 205 205 203 202 199 196 193 189 186 183 180 178 176 174 172 171 170 169 169 170 172 174 177 181 185 190 194 198 203 206 209 212 214 215 215 214 212 209 205 201 196 190 184 177 170 163 156 148 141 132 123 113 102  91  79  68  57  46  37  28  21  16  12  10   9  11  14  18  24  31  39  48  56  66  74  83  92 100 107
 104 110 117 124 131 139 146 153 161 168 174 180 185 190 193 196 198 199 199 198 197 195 193 191 188 186 183 181 179 177 176 175 173 173 172 173 174 176 179 182 186 191 195 200 204 209 212 216 218 220 220 220 219 217 214 210 206 200 194 188 181 174 167 160 152 145 136 127 117 106  94  83  71  60  49  39  30  23  17  12  10   9  10  13  17  23  29  37  45  54  63  72  80  89  97 104
  98 104 110 116 123 130 137 144 151 158 164 170 175 180 184 187 189 191 191 192 191 190 189 187 186 184 182 180 179 178 177 176 175 175 175 176 178 180 183 187 191 196 201 206 210 215 218 221 224 225 226 226 224 222 219 215 210 204 198 192 185 178 171 163 156 148 140 130 120 109  98  86  74  62  51  41  32  24  18  13  10   9  10  12  16  21  27  35  43  52  60  69  78  86  94 102
  91  97 103 108 115 121 128 134 141 147 153 159 164 169 173 176 179 181 183 183 184 184 183 182 182 180 179 179 178 177 177 176 176 176 177 178 180 183 187 191 196 201 206 211 216 220 224 227 229 231 231 231 229 227 223 219 214 208 202 195 188 181 174 167 160 152 143 134 124 112 101  89  77  65  53  43  33  25  19  14  10   9   9  11  15  20  26  33  41  49  58  67  75  83  91  99
  85  90  95 101 106 112 118 124 130 136 141 147 152 157 161 165 168 170 172 174 175 176 176 176 176 176 176 176 175 175 175 176 176 176 178 179 182 185 190 194 199 205 210 215 220 225 229 232 234 236 236 235 234 231 227 223 218 212 205 199 191 184 177 170 162 155 146 137 126 115 103  91  79  67  55  44  35  26  19  14  10   9   9  10  14  18  24  31  39  47  56  64  73  81  89  97
  79  84  88  93  98 103 108 113 119 124 129 134 139 144 148 152 155 159 161 163 165 167 168 169 170 170 171 171 172 173 173 174 175 176 177 180 183 187 192 197 202 208 214 219 225 229 233 237 239 240 240 240 238 235 231 226 221 215 208 201 194 187 179 172 165 157 148 139 129 117 105  93  81  68  57  46  36  27  20  14  10   8   8  10  13  17  23  30  37  46  54  62  71  79  87  95
  74  78  81  85  89  94  98 103 108 112 117 122 126 131 135 139 143 146 149 152 154 157 159 160 162 164 165 166 168 169 170 171 173 174 177 180 183 188 193 199 205 211 217 223 228 233 238 241 243 244 244 243 241 238 234 229 223 217 210 203 196 188 181 174 167 159 150 141 130 119 107  95  82  70  58  47  36  28  20  14  10   8   8   9  12  16  22  29  36  44  52  61  69  77  85  93
  69  72  75  78  82  85  89  93  97 101 105 109 113 117 121 125 129 133 136 140 143 146 149 151 154 156 158 160 162 164 166 168 170 172 175 178 183 188 194 200 206 213 220 226 232 237 241 244 246 248 248 246 244 241 236 231 225 218 211 204 197 190 182 175 168 160 151 142 131 120 108  95  83  70  58  47  37  28  20  14  10   8   7   8  11  15  21  28  35  43  51  60  68  76  84  92
  65  68  70  72  75  78  80  83  86  90  93  97 100 104 108 112 115 119 123 127 131 134 138 141 145 148 151 154 156 159 161 164 166 169 173 177 182 187 194 200 207 214 221 228 234 239 244 247 249 250 250 249 246 242 238 232 226 219 212 205 197 190 183 175 168 160 152 142 131 120 108  96  83  71  58  47  37  28  20  14  10   8   7   8  11  15  21  27  34  42  51  59  67  75  83  91
  62  64  65  67  69  71  72  74  77  79  82  85  88  91  94  98 102 106 110 114 118 123 127 131 135 139 143 146 150 153 156 159 162 166 170 174 180 186 193 200 208 215 223 230 236 241 246 249 251 252 252 250 247 244 239 233 226 219 212 205 197 190 182 175 168 160 151 142 131 120 108  95  83  70  58  47  37  28  20  14  10   8   7   8  11  15  20  27  34  42  50  59  67  75  83  90
  60  61  62  63  64  65  65  67  68  69  71  73  76  78  81  85  89  93  97 101 106 111 116 121 125 130 134 139 143 147 150 154 158 162 166 172 178 185 192 200 208 216 223 231 237 243 247 251 253 254 253 251 248 244 239 233 226 219 211 204 196 188 181 174 166 159 150 140 130 119 107  94  82  69  57  46  36  27  20  14  10   7   7   8  11  15  21  27  35  42  51  59  67  75  83  91
  59  60  60  60  60  60  60  60  60  61  62  63  65  67  69  73  76  80  84  89  94  99 105 110 116 121 126 131 136 140 144 149 153 157 163 169 175 183 191 199 207 216 224 231 238 244 248 252 254 254 254 252 248 244 238 232 225 218 210 202 194 187 179 172 165 157 148 139 128 117 105  93  80  68  56  45  35  26  19  13   9   7   7   8  11  15  21  28  35  43  51  60  68  76  84  91
  60  59  58  58  57  56  55  54  54  53  53  54  55  56  58  61  64  68  73  78  83  88  94 100 106 112 118 123 129 134 139 143 148 153 159 165 173 180 189 198 206 215 224 231 238 244 249 252 254 254 254 251 248 243 237 231 223 216 208 200 192 184 177 170 162 154 146 136 126 115 103  91  79  66  55  44  34  25  18  13   9   7   7   9  12  16  22  29  36  44  53  61  69  77  85  93
  61  60  58  57  55  53  52  50  48  47  46  46  46  47  49  51  54  57  62  67  72  78  84  91  97 103 110 116 122 127 133 138 143 149 155 162 170 178 187 196 205 214 223 231 238 244 249 252 254 254 253 250 247 242 235 229 221 213 205 197 189 181 174 167 159 151 143 133 123 112 100  88  76  64  53  42  33  24  18  12   9   7   7   9  12  17  23  30  38  46  54  63  71  79  87  94
  63  61  59  57  55  52  50  47  45  43  41  40  39  39  40  42  45  48  52  57  63  69  75  82  89  96 102 109 115 122 127 133 139 145 152 159 167 176 185 195 204 213 222 230 238 243 248 251 253 253 252 249 245 240 233 226 218 210 202 194 186 178 170 163 156 148 139 130 120 109  97  86  74  62  51  40  31  23  17  12   9   7   8  10  13  18  25  32  40  48  56  65  73  81  89  96
  66  64  62  59  56  52  49  46  42  39  37  35  33  33  33  35  37  40  44  49  54  60  67  74  81  89  96 103 110 116 122 129 135 141 148 156 165 174 183 193 203 213 221 230 237 243 247 251 252 252 250 247 243 237 231 223 215 207 199 190 182 174 167 159 152 144 136 126 116 105  94  82  71  59  48  38  29  22  16  11   9   7   8  11  15  20  26  34  42  50  59  67  76  84  91  99
  70  68  65  62  58  54  50  46  41  38  34  32  30  28  28  29  31  33  37  42  47  54  60  68  75  83  90  98 105 112 118 125 131 138 146 154 163 172 182 192 202 212 221 229 236 242 246 249 251 251 249 245 241 235 228 220 212 203 195 186 178 170 163 155 148 140 132 122 112 102  90  79  68  56  46  36  28  20  15  11   8   8   9  12  16  21  28  36  44  52  61  70  78  86  94 101
  75  72  69  65  61  56  52  47  42  37  33  30  27  25  25  25  26  29  32  37  42  48  55  62  70  78  86  93 101 108 115 122 128 136 143 152 161 171 181 191 201 211 220 228 235 241 245 248 249 249 247 243 238 232 225 217 208 200 191 182 174 166 158 151 144 136 128 118 108  98  87  76  64  54  43  34  26  19  14  10   8   8   9  13  17  23  30  38  46  55  64  73  81  89  97 104
  81  78  74  70  65  60  55  49  44  39  34  30  26  24  23  22  23  25  29  33  38  44  51  59  66  74  82  90  98 105 113 120 127 134 142 151 160 170 180 190 201 210 219 228 235 240 245 247 248 247 245 241 236 229 222 214 205 196 187 178 170 162 154 147 140 132 123 114 104  94  83  72  61  51  41  32  24  18  13  10   8   8  10  14  19  25  32  40  49  58  67  76  84  92 100 107
  87  84  80  75  70  65  59  53  47  41  36  31  27  24  22  22  22  24  27  31  36  42  49  56  64  72  80  88  96 104 111 118 126 133 141 150 160 170 180 190 200 210 219 227 234 240 244 246 247 246 243 239 233 226 219 210 201 192 183 174 166 158 150 143 135 128 119 110 101  90  80  69  58  48  38  30  22  16  12   9   8   9  11  15  20  27  34  43  51  61  70  79  87  95 103 111
  94  90  86  81  76  70  64  57  51  45  39  34  29  26  24  23  23  24  27  31  36  41  48  55  63  71  79  88  96 103 111 118 125 133 141 150 160 170 180 191 201 210 219 227 234 239 243 245 245 244 241 237 231 224 216 207 198 189 179 170 162 154 146 139 131 124 115 106  97  87  76  66  55  45  36  28  21  15  11   9   8   9  12  16  22  29  36  45  54  63  73  82  90  98 106 114
 100  97  92  87  82  76  69  63  56  49  43  38  33  29  26  25  25  26  28  32  36  42  49  56  64  72  80  88  96 104 111 119 126 134 142 151 161 171 181 192 202 211 220 228 234 239 242 244 244 243 239 235 228 221 213 204 195 185 176 167 158 150 142 135 128 120 112 103  93  83  73  63  52  43  34  26  19  14  10   8   8  10  13  17  23  30  39  47  57  66  75  85  93 101 109 117
 107 104  99  94  88  82  76  69  62  55  48  42  37  33  30  28  28  29  31  34  39  44  50  58  65  73  81  89  98 105 113 120 128 136 144 153 163 173 183 193 203 212 221 228 234 239 242 244 243 241 238 233 226 219 210 201 192 182 173 163 155 147 139 132 124 117 108  99  90  80  70  60  50  40  32  24  18  13  10   8   8  10  13  18  25  32  41  50  59  69  78  87  96 104 112 120
 115 111 106 101  95  89  82  75  68  61  54  48  43  38  35  33  32  32  34  37  42  47  53  60  68  75  84  92 100 108 115 123 130 138 146 155 165 175 185 195 204 214 222 229 235 239 242 243 243 240 236 231 224 216 208 198 189 179 169 160 152 143 136 128 121 113 105  96  87  77  67  57  47  38  30  23  17  12   9   8   8  11  14  20  26  34  43  52  62  71  81  90  99 107 115 122
 122 118 113 108 102  96  89  82  74  67  60  54  48  43  40  38  37  37  38  41  45  50  56  63  70  78  86  94 102 110 118 125 133 141 149 158 167 177 187 197 206 215 223 230 236 240 242 243 242 239 235 230 222 214 205 196 186 176 167 157 148 140 133 125 118 110 102  93  84  74  64  55  45  36  28  21  16  11   9   8   9  11  15  21  28  36  45  54  64  74  83  93 102 110 118 125
